date,open,close,high,low,volume,money,factor,turnover,turnover_free
2021-05-10,8.849,8.619,8.908999999999999,8.549,145154.8,137202.991,0.9159404888416578,,0.0
2021-05-11,8.599,8.828999999999999,8.869,8.559,113511.99,108372.906,0.9177754677754676,,0.0
2021-05-12,8.779,8.839,8.859,8.738999999999999,71550.96,68713.847,0.9178608515057112,,0.0
2021-05-13,8.779,8.799,8.959,8.759,63609.01,61322.67,0.9175182481751823,,0.0
2021-05-14,8.809,9.389,9.449,8.809,292156.92,291643.765,0.9222986247544204,,0.0
2021-05-17,9.279,9.169,9.369,9.119,167526.45,167757.302,0.920582329317269,,0.0
2021-05-18,9.169,9.239,9.369,9.129,95533.41,96158.604,0.921136590229312,,0.0
2021-05-19,9.209,9.189,9.329,9.159,80107.6,80312.647,0.9207414829659318,,0.0
2021-05-20,9.229,9.319,9.479,9.159,145118.04,146418.746,0.9217606330365974,,0.0
2021-05-21,9.339,9.189,9.399,9.189,88924.26,89442.744,0.9207414829659318,,0.0
2021-05-24,9.289,9.309,9.439,9.259,127791.84,129561.131,0.9216831683168316,,0.0
2021-05-25,9.379,9.589,9.699,9.319,256197.71,265144.818,0.923795761078998,,0.0
2021-05-26,9.649,9.549,9.799,9.529,204394.28,213558.98,0.9235009671179883,,0.0
2021-05-27,9.479,9.689,9.709,9.469,158930.39,165432.641,0.9245229007633587,,0.0
2021-05-28,9.649,9.779,9.899,9.509,230110.65,241966.989,0.9251655629139072,,0.0
2021-05-31,9.759,9.649,9.759,9.549,137981.95,143659.455,0.9242337164750958,,0.0
2021-06-01,9.559,9.539,9.629,9.469,131572.74,135761.957,0.9234269119070668,,0.0
2021-06-02,9.529,9.409,9.649,9.399,108591.33,111725.349,0.9224509803921568,,0.0
2021-06-03,9.439,9.429,9.559,9.409,92182.79,94660.466,0.9226027397260274,,0.0
2021-06-04,9.429,9.469,9.699,9.309,163832.6,168474.554,0.9229044834307992,,0.0
2021-06-07,9.449,9.599,9.619,9.399,138114.27,142597.078,0.923869104908566,,0.0
2021-06-08,9.569,9.539,9.679,9.499,116447.3,120848.73,0.9234269119070668,,0.0
2021-06-09,9.539,9.439,9.609,9.419,81050.22,83267.708,0.9226783968719452,,0.0
2021-06-10,9.439,9.489,9.549,9.399,97168.86,99733.064,0.9230544747081711,,0.0
2021-06-11,9.499,9.259,9.499,9.189,155569.4,157427.307,0.9212935323383084,,0.0
2021-06-15,9.139,9.089,9.229,9.069,89786.08,89178.268,0.9199392712550608,,0.0
2021-06-16,9.049,9.129,9.199,9.039,68717.89,68135.935,0.9202620967741936,,0.0
2021-06-17,9.139,9.169,9.209,9.069,66957.02,66539.663,0.920582329317269,,0.0
2021-06-18,9.159,9.229,9.289,9.109,85091.64,85198.168,0.9210578842315368,,0.0
2021-06-21,9.209,9.269,9.319,9.169,60739.94,60938.025,0.9213717693836978,,0.0
2021-06-22,9.279,9.199,9.339,9.169,79376.72,79592.276,0.9208208208208208,,0.0
2021-06-23,9.189,9.209,9.309,9.139,77591.52,77659.382,0.9209,,0.0
2021-06-24,9.169,9.239,9.329,9.139,87715.08,88193.366,0.921136590229312,,0.0
2021-06-25,9.269,9.509,9.619,9.239,231389.64,237375.035,0.9232038834951456,,0.0
2021-06-28,9.509,9.359,9.539,9.329,116972.63,119114.664,0.9220689655172414,,0.0
2021-06-29,9.319,9.329,9.439,9.319,90104.29,91557.445,0.9218379446640316,,0.0
2021-06-30,9.329,10.339,10.339,9.309,1024382.78,1119806.372,0.9289308176100628,,0.0
2021-07-01,10.699,9.729,11.169,9.689,982722.31,1096790.757,0.9248098859315588,,0.0
2021-07-02,9.369,9.159,9.489,9.149,600247.17,605555.46,0.920502512562814,,0.0
2021-07-05,9.059,8.988999999999999,9.119,8.939,276560.67,271089.717,0.919120654396728,,0.0
2021-07-06,9.009,9.099,9.139,8.959,200683.32,197713.923,0.920020222446916,,0.0
2021-07-07,9.019,9.009,9.159,8.969,167471.56,164738.555,0.9192857142857144,,0.0
2021-07-08,9.059,8.889,9.099,8.879,163914.0,160152.25,0.918285123966942,,0.0
2021-07-09,8.818999999999999,8.908999999999999,8.998999999999999,8.789,128838.4,125150.694,0.9184536082474226,,0.0
2021-07-12,9.059,8.998999999999999,9.109,8.949,172612.76,169666.508,0.9192032686414708,,0.0
2021-07-13,8.998999999999999,8.959,9.029,8.919,108794.55,106151.443,0.9188717948717948,,0.0
2021-07-14,8.979,8.908999999999999,9.029,8.828999999999999,118580.37,115246.328,0.9184536082474226,,0.0
2021-07-15,8.889,8.939,8.988999999999999,8.839,110017.77,106831.718,0.918705035971223,,0.0
2021-07-16,8.969,8.939,9.049,8.908999999999999,126795.61,123694.356,0.918705035971223,,0.0
2021-07-19,8.908999999999999,8.759,8.919,8.719,118337.35,113466.639,0.91717277486911,,0.0
2021-07-20,8.689,8.729,8.809,8.669,63939.75,60930.18,0.9169117647058824,,0.0
2021-07-21,8.729,8.828999999999999,8.879,8.729,100572.28,96698.238,0.9177754677754676,,0.0
2021-07-22,8.818999999999999,8.959,9.049,8.809,133300.02,129785.931,0.9188717948717948,,0.0
2021-07-23,8.959,9.089,9.299,8.889,263285.4,260598.082,0.9199392712550608,,0.0
2021-07-26,9.139,9.209,9.349,9.019,304202.83,304164.42,0.9209,,0.0
2021-07-27,9.099,8.789,9.169,8.789,240636.93,233879.634,0.9174321503131524,,0.0
2021-07-28,8.809,8.598999999999998,8.939,8.578999999999999,151743.9,143098.599,0.9256189451022604,,0.0
2021-07-29,8.789,8.729,8.828999999999999,8.619,119190.79,112082.141,0.9266454352441612,,0.0
2021-07-30,8.658999999999999,8.539,8.709,8.479,126143.84,116444.991,0.9251354279523292,,0.0
2021-08-02,8.498999999999999,8.789,8.879,8.338999999999999,191137.6,178400.437,0.92710970464135,,0.0
2021-08-03,8.699,8.838999999999999,8.988999999999999,8.668999999999999,170971.06,163072.176,0.9274921301154248,,0.0
2021-08-04,8.799,8.799,8.848999999999998,8.738999999999999,93850.7,88980.0,0.927186512118019,,0.0
2021-08-05,8.758999999999999,8.619,8.869,8.609,104874.0,98708.346,0.9257787325456498,,0.0
2021-08-06,8.639,8.598999999999998,8.738999999999999,8.568999999999999,88639.5,82626.779,0.9256189451022604,,0.0
2021-08-09,8.598999999999998,8.799,8.869,8.578999999999999,142395.51,134819.453,0.927186512118019,,0.0
2021-08-10,8.769,8.928999999999998,8.959,8.748999999999999,144854.42,138365.875,0.928170478170478,,0.0
2021-08-11,8.939,8.879,9.039,8.859,141784.74,136747.825,0.9277951933124348,,0.0
2021-08-12,8.838999999999999,9.019,9.129,8.818999999999999,177981.03,172447.352,0.9288362512873326,,0.0
2021-08-13,8.959,8.939,9.059,8.889,115274.52,111173.393,0.928245067497404,,0.0
2021-08-16,8.959,9.009,9.129,8.928999999999998,145706.28,141691.06,0.928762886597938,,0.0
2021-08-17,8.959,9.009,9.469,8.939,312113.54,308794.193,0.928762886597938,,0.0
2021-08-18,8.979,9.979,9.979,8.959,678308.73,706238.455,0.9352389878163072,,0.0
2021-08-19,10.699,11.049,11.049,10.489,1739936.64,2023835.834,0.9411413969335604,,0.0
2021-08-20,11.309,12.219,12.219,11.309,2942980.67,3713850.196,0.9464756003098372,,0.0
2021-08-23,12.719,11.619,13.269,11.579,2497730.06,3215533.49,0.9438667749796912,,0.0
2021-08-24,11.819,11.719,12.098999999999998,11.319,2256122.01,2808121.225,0.9443190975020144,,0.0
2021-08-25,11.369,11.159,11.439,10.949,1574988.54,1863870.358,0.94168776371308,,0.0
2021-08-26,11.189,10.739,11.189,10.659,961693.6,1114477.091,0.9395450568678916,,0.0
2021-08-27,10.799,10.299,10.848999999999998,10.239,1031891.97,1150742.914,0.9371246587807096,,0.0
2021-08-30,10.359,10.039,10.439,9.939,1030220.64,1112147.317,0.935601118359739,,0.0
2021-08-31,9.959,10.049,10.309,9.809,1200466.85,1290702.19,0.9356610800744878,,0.0
2021-09-01,9.969,10.848999999999998,11.119,9.839,2109077.36,2385939.933,0.9401213171577122,,0.0
2021-09-02,10.799,11.119,11.409,10.459,1688339.51,1983050.388,0.9414902624894156,,0.0
2021-09-03,11.619,10.669,11.629,10.589,1422646.58,1648849.785,0.9391725352112676,,0.0
2021-09-06,10.629,10.989,11.109,10.629,1059252.07,1226972.057,0.9408390410958904,,0.0
2021-09-07,11.079,11.609,11.739,10.928999999999998,1229762.76,1477360.864,0.943821138211382,,0.0
2021-09-08,11.499,11.769,12.119,11.419,1092857.98,1370063.647,0.9445425361155698,,0.0
2021-09-09,11.678999999999998,11.799,12.079,11.459,723652.53,904248.895,0.944675740592474,,0.0
2021-09-10,11.928999999999998,12.089,12.909,11.709,935479.99,1212510.073,0.9459311424100156,,0.0
2021-09-13,12.089,12.509,12.979,11.989,787141.59,1047086.552,0.9476515151515152,,0.0
2021-09-14,12.589,12.689,13.489,12.339,1021208.38,1384037.068,0.948355754857997,,0.0
2021-09-15,12.659,12.279,12.879,12.029,761273.02,997274.646,0.946723207401696,,0.0
2021-09-16,12.419,11.999,12.519,11.919,562960.8,725642.732,0.9455476753349094,,0.0
2021-09-17,12.059,12.549,12.719,11.869,528332.9,685621.749,0.947809667673716,,0.0
2021-09-22,12.339,12.569,12.659,12.249,385214.32,507310.855,0.9478883861236802,,0.0
2021-09-23,12.769,13.789,13.899,12.629,1307594.42,1873965.733,0.9522790055248618,,0.0
2021-09-24,13.699,13.059,14.109,12.928999999999998,935514.89,1316410.458,0.9497454545454544,,0.0
2021-09-27,13.159,11.989,13.269,11.779,820398.3,1074675.299,0.9455047318611988,,0.0
2021-09-28,12.178999999999998,12.209,12.559,12.039,600381.73,782451.437,0.9464341085271316,,0.0
2021-09-29,12.139,11.389,12.149,11.209,563692.76,690998.676,0.9427980132450332,,0.0
2021-09-30,11.449,11.149,11.499,11.059,414783.34,493859.436,0.9416385135135136,,0.0
2021-10-08,11.309,11.009,11.479,10.909,424054.75,500650.333,0.9409401709401708,,0.0
2021-10-11,11.009,10.759,11.079,10.689,406221.07,469067.384,0.939650655021834,,0.0
2021-10-12,10.729,10.348999999999998,10.839,10.189,531087.83,592353.533,0.937409420289855,,0.0
2021-10-13,10.379,10.789,11.299,10.209,715607.39,819966.744,0.939808362369338,,0.0
2021-10-14,10.709,10.999,11.299,10.629,520164.44,608775.392,0.9408896492728828,,0.0
2021-10-15,10.879,10.848999999999998,11.009,10.519,476245.19,544904.044,0.9401213171577122,,0.0
2021-10-18,10.759,10.869,10.949,10.609,369211.94,423919.481,0.9402249134948096,,0.0
2021-10-19,10.769,10.869,11.139,10.699,428178.17,497349.481,0.9402249134948096,,0.0
2021-10-20,10.749,10.678999999999998,10.959,10.629,309048.62,354515.839,0.939226033421284,,0.0
2021-10-21,10.719,10.949,11.279,10.649,528291.86,617052.144,0.9406357388316152,,0.0
2021-10-22,10.819,10.339,10.979,10.269,726522.27,813776.898,0.9373526745240252,,0.0
2021-10-25,10.219,11.439,11.439,10.189,850900.58,987052.972,0.9430338004946414,,0.0
2021-10-26,11.209,11.249,11.549,11.039,780556.73,934039.032,0.9421273031825796,,0.0
2021-10-27,11.229,11.348999999999998,11.759,10.969,688328.71,830763.132,0.9426079734219268,,0.0
2021-10-28,11.049,11.329,11.709,10.919,662639.26,797065.699,0.9425124792013312,,0.0
2021-10-29,11.319,10.719,11.399,10.359,1004077.41,1147665.434,0.9394390885188432,,0.0
2021-11-01,10.829,10.869,11.409,10.598999999999998,610847.55,712065.457,0.9402249134948096,,0.0
2021-11-02,10.839,10.009,10.859,9.909,910739.61,1000266.781,0.9354205607476634,,0.0
2021-11-03,9.989,9.999,10.109,9.889,350427.2,374562.368,0.9353601496725912,,0.0
2021-11-04,10.059,10.119,10.209,9.989,342574.71,369236.158,0.936077705827937,,0.0
2021-11-05,9.989,9.928999999999998,10.209,9.919,331497.36,355720.859,0.9349340866290018,,0.0
2021-11-08,9.899,9.869,10.079,9.659,364835.39,385530.422,0.9345643939393938,,0.0
2021-11-09,9.839,9.919,9.969,9.739,338706.15,357416.461,0.9348727615457116,,0.0
2021-11-10,9.869,9.919,9.959,9.759,247527.33,261298.896,0.9348727615457116,,0.0
2021-11-11,9.848999999999998,10.439,10.659,9.848999999999998,780335.54,857833.566,0.9379155435759208,,0.0
2021-11-12,10.319,10.649,10.729,10.189,634127.05,709285.632,0.9390652557319225,,0.0
2021-11-15,10.659,10.449,10.729,10.389,365538.29,408599.495,0.9379712746858168,,0.0
2021-11-16,10.439,10.299,10.569,10.259,347166.48,384504.223,0.9371246587807096,,0.0
2021-11-17,10.259,10.279,10.389,10.189,226359.76,248319.951,0.9370100273473108,,0.0
2021-11-18,10.279,10.059,10.309,10.029,296117.43,321074.971,0.935720930232558,,0.0
2021-11-19,10.019,10.869,11.139,10.019,963223.57,1095638.454,0.9402249134948096,,0.0
2021-11-22,10.639,11.419,11.749,10.619,1117175.56,1335532.799,0.9429397192402972,,0.0
2021-11-23,11.449,12.359,12.629,11.359,1823058.08,2383812.393,0.9470498084291188,,0.0
2021-11-24,11.989,12.249,12.489,11.919,1055052.94,1361413.82,0.9465996908809892,,0.0
2021-11-25,12.329,12.039,12.389,12.009,556478.87,714309.715,0.945718774548311,,0.0
2021-11-26,12.129,11.899,12.139,11.729,620158.48,784339.659,0.9451151707704528,,0.0
2021-11-29,11.759,11.689,11.959,11.519,426097.09,525891.954,0.944184168012924,,0.0
2021-11-30,11.799,11.669,11.899,11.529,422250.55,523000.415,0.944093851132686,,0.0
2021-12-01,11.609,11.869,11.999,11.569,556646.54,695906.058,0.944984076433121,,0.0
2021-12-02,11.869,12.309,12.549,11.799,965178.05,1240256.725,0.9468461538461538,,0.0
2021-12-03,12.289,12.199,12.439,11.959,630610.04,812721.47,0.9463925523661753,,0.0
2021-12-06,12.589,12.119,13.039,12.119,1215441.44,1611398.844,0.9460577673692429,,0.0
2021-12-07,12.428999999999998,12.309,12.489,11.759,905830.79,1166388.763,0.9468461538461538,,0.0
2021-12-08,12.239,13.199,13.609,12.049,1103279.04,1498106.047,0.9502519798416126,,0.0
2021-12-09,13.219,13.159,13.799,12.899,1135190.1,1581524.726,0.9501083032490976,,0.0
2021-12-10,12.809,13.109,13.259,12.678999999999998,685076.49,942224.862,0.949927536231884,,0.0
2021-12-13,13.319,12.889,13.839,12.709,991518.41,1377688.283,0.9491163475699558,,0.0
2021-12-14,12.609,12.759,12.989,12.519,593299.84,797225.661,0.9486245353159852,,0.0
2021-12-15,12.779,12.848999999999998,13.359,12.659,502811.2,684673.987,0.9489660265878876,,0.0
2021-12-16,12.829,13.029,13.119,12.729,329731.26,448654.4,0.9496355685131196,,0.0
2021-12-17,13.009,12.839,13.348999999999998,12.709,462960.17,634387.472,0.9489283074648928,,0.0
2021-12-20,12.659,12.259,12.869,12.139,562813.12,740534.938,0.9466409266409266,,0.0
2021-12-21,12.309,12.439,12.639,12.219,364708.98,479721.823,0.9473724295506472,,0.0
2021-12-22,12.509,12.269,12.539,12.209,253128.08,328679.255,0.946682098765432,,0.0
2021-12-23,12.279,12.209,12.449,12.059,279445.05,360421.539,0.9464341085271316,,0.0
2021-12-24,12.229,12.089,12.439,11.969,296946.3,382682.102,0.9459311424100156,,0.0
2021-12-27,12.059,12.098999999999998,12.319,12.019,259930.44,333868.34,0.9459734167318216,,0.0
2021-12-28,12.098999999999998,12.219,12.229,12.009,317664.86,406357.394,0.9464756003098372,,0.0
2021-12-29,12.129,11.969,12.209,11.719,441485.25,558254.538,0.9454186413902052,,0.0
2021-12-30,11.989,12.159,12.489,11.959,435452.44,562428.671,0.946225680933852,,0.0
2021-12-31,12.209,12.259,12.589,12.119,405726.83,526970.766,0.9466409266409266,,0.0
2022-01-04,12.359,12.249,12.449,12.129,362940.68,470364.329,0.9465996908809892,,0.0
2022-01-05,12.189,11.989,12.359,11.949,316678.08,406207.742,0.9455047318611988,,0.0
2022-01-06,11.859,11.689,12.039,11.459,424599.99,527247.292,0.944184168012924,,0.0
2022-01-07,11.779,11.459,11.959,11.439,364450.03,449773.177,0.9431275720164608,,0.0
2022-01-10,11.489,11.459,11.669,11.399,264676.53,323050.381,0.9431275720164608,,0.0
2022-01-11,11.409,11.479,11.759,11.409,321029.22,393920.974,0.9432210353327856,,0.0
2022-01-12,11.479,11.519,11.549,11.348999999999998,203739.57,247486.122,0.9434070434070434,,0.0
2022-01-13,11.539,11.389,11.569,11.379,221438.18,268941.768,0.9427980132450332,,0.0
2022-01-14,11.309,11.149,11.348999999999998,11.109,269300.62,320048.779,0.9416385135135136,,0.0
2022-01-17,11.139,11.129,11.239,10.959,353071.04,416339.793,0.9415397631133672,,0.0
2022-01-18,11.149,11.309,11.539,11.079,418852.01,503375.404,0.9424166666666666,,0.0
2022-01-19,11.279,11.439,11.669,11.209,429626.41,522376.736,0.9430338004946414,,0.0
2022-01-20,11.409,12.299,12.589,11.359,948774.01,1209223.3,0.9468052347959968,,0.0
2022-01-21,12.109,11.909,12.189,11.749,556990.3,703335.577,0.94515873015873,,0.0
2022-01-24,11.789,11.899,11.919,11.529,356429.17,444241.004,0.9451151707704528,,0.0
2022-01-25,11.809,11.419,11.939,11.359,358601.68,444264.574,0.9429397192402972,,0.0
2022-01-26,11.469,11.678999999999998,11.749,11.209,455508.19,556226.178,0.9441390460792238,,0.0
2022-01-27,11.529,11.189,11.699,11.149,453619.19,548586.577,0.9418350168350168,,0.0
2022-01-28,11.379,10.689,11.379,10.598999999999998,464090.08,538319.512,0.9392794376098418,,0.0
2022-02-07,10.889,10.749,10.889,10.639,284785.7,326714.229,0.939597902097902,,0.0
2022-02-08,10.709,10.939,10.959,10.399,398469.92,454083.198,0.940584694754944,,0.0
2022-02-09,10.848999999999998,10.848999999999998,10.879,10.739,297080.39,341847.062,0.9401213171577122,,0.0
2022-02-10,10.819,10.839,10.919,10.759,232975.84,268644.519,0.940069384215091,,0.0
2022-02-11,10.799,11.049,11.339,10.769,501111.8,590135.66,0.9411413969335604,,0.0
2022-02-14,10.899,10.309,10.979,10.178999999999998,524820.17,588942.863,0.937181818181818,,0.0
2022-02-15,10.319,10.279,10.369,10.209,243955.53,267290.068,0.9370100273473108,,0.0
2022-02-16,10.379,10.489,10.749,10.379,310944.94,349318.361,0.9381932021466904,,0.0
2022-02-17,10.419,10.428999999999998,10.659,10.389,244471.86,273731.587,0.9378597122302158,,0.0
2022-02-18,10.309,10.509,10.559,10.259,219745.3,244549.251,0.9383035714285712,,0.0
2022-02-21,10.509,10.529,10.609,10.419,277771.16,310812.948,0.9384135472370766,,0.0
2022-02-22,10.389,10.259,10.499,10.178999999999998,310829.67,342283.656,0.9368949771689496,,0.0
2022-02-23,10.279,10.428999999999998,10.449,10.239,212285.53,234822.298,0.9378597122302158,,0.0
2022-02-24,10.369,10.069,10.428999999999998,9.909,320999.16,348653.87,0.9357806691449814,,0.0
2022-02-25,10.189,10.209,10.379,10.109,291327.83,318162.796,0.936605504587156,,0.0
2022-02-28,10.229,10.019,10.299,9.889,339227.45,362148.066,0.9354808590102708,,0.0
2022-03-01,10.029,10.098999999999998,10.159,9.979,232792.92,250297.769,0.93595922150139,,0.0
2022-03-02,10.019,10.089,10.089,9.949,150154.38,161168.144,0.9358998144712428,,0.0
2022-03-03,10.139,10.069,10.189,10.029,197305.0,212994.406,0.9357806691449814,,0.0
2022-03-04,10.009,9.939,10.079,9.848999999999998,222796.51,236941.042,0.9349952963311382,,0.0
2022-03-07,9.889,9.619,9.909,9.519,283095.8,294175.349,0.9329776915615906,,0.0
2022-03-08,9.639,9.309,9.759,9.299,323704.79,329247.017,0.9309,,0.0
2022-03-09,9.309,9.089,9.389,8.539,373005.36,362687.02,0.9293456032719836,,0.0
2022-03-10,9.379,9.039,9.379,9.009,267047.88,263343.921,0.9289825282631036,,0.0
2022-03-11,8.908999999999999,9.319,9.459,8.799,409114.19,402250.265,0.9309690309690308,,0.0
2022-03-14,9.159,9.098999999999998,9.359,9.079,314026.61,310350.291,0.929417773237998,,0.0
2022-03-15,9.039,8.609,9.229,8.549,402709.21,387099.397,0.9256989247311828,,0.0
2022-03-16,8.729,9.199,9.269,8.619,580802.76,560202.992,0.9301314459049544,,0.0
2022-03-17,9.289,9.149,9.419,9.079,465087.94,460533.888,0.9297764227642276,,0.0
2022-03-18,9.139,9.178999999999998,9.249,9.029,267826.0,263685.683,0.9299898682877406,,0.0
2022-03-21,9.159,9.098999999999998,9.219,9.029,223688.1,219730.493,0.929417773237998,,0.0
2022-03-22,9.098999999999998,9.069,9.199,8.988999999999999,209345.58,204679.804,0.9292008196721312,,0.0
2022-03-23,9.079,8.998999999999999,9.119,8.969,213595.47,207829.719,0.928689370485036,,0.0
2022-03-24,8.939,8.809,8.939,8.789,238505.61,227501.465,0.9272631578947368,,0.0
2022-03-25,8.838999999999999,8.699,8.959,8.689,213974.69,203052.961,0.9264110756123536,,0.0
2022-03-28,8.629,8.699,8.789,8.539,175322.88,163936.501,0.9264110756123536,,0.0
2022-03-29,8.769,8.559,8.779,8.519,191207.66,178494.493,0.9252972972972971,,0.0
2022-03-30,8.619,8.869,8.959,8.609,345038.36,327694.509,0.9277196652719664,,0.0
2022-03-31,8.769,8.828999999999999,8.918999999999999,8.738999999999999,189774.68,180810.737,0.9274159663865544,,0.0
2022-04-01,8.779,9.019,9.039,8.738999999999999,314243.85,302102.023,0.9288362512873326,,0.0
2022-04-06,9.019,9.169,9.229,8.939,329503.38,322766.115,0.929918864097363,,0.0
2022-04-07,9.109,9.009,9.189,8.979,272613.1,265791.114,0.928762886597938,,0.0
2022-04-08,8.998999999999999,9.079,9.129,8.889,291582.62,283215.337,0.9292732855680654,,0.0
2022-04-11,9.059,8.668999999999999,9.059,8.639,288645.98,274258.879,0.9261752136752136,,0.0
2022-04-12,8.709,9.009,9.079,8.629,335397.24,321515.615,0.928762886597938,,0.0
2022-04-13,8.939,9.369,9.789,8.928999999999998,1041454.27,1055009.91,0.9313121272365804,,0.0
2022-04-14,9.499,9.379,9.619,9.279,661968.06,672352.874,0.9313803376365442,,0.0
2022-04-15,9.259,9.589,9.979,9.209,940506.35,976555.683,0.9327821011673152,,0.0
2022-04-18,9.209,9.069,9.309,8.769,712959.04,690071.691,0.9292008196721312,,0.0
2022-04-19,8.979,8.859,9.089,8.789,392683.95,376906.15,0.9276439790575916,,0.0
2022-04-20,8.859,8.689,8.949,8.649,378199.98,357819.479,0.9263326226012792,,0.0
2022-04-21,8.609,8.699,8.869,8.609,384786.63,361824.542,0.9264110756123536,,0.0
2022-04-22,8.568999999999999,8.598999999999998,8.748999999999999,8.549,320503.72,299316.555,0.9256189451022604,,0.0
2022-04-25,8.418999999999999,8.039,8.488999999999999,8.008999999999999,404471.8,363715.868,0.9208476517754868,,0.0
2022-04-26,8.098999999999998,7.409,8.129,7.319,502532.57,420178.963,0.9146913580246914,,0.0
2022-04-27,7.209,7.588999999999999,7.609000000000001,7.109,370640.86,298213.614,0.9165458937198068,,0.0
2022-04-28,7.449000000000001,7.269,7.499,7.209,266436.04,214124.422,0.9131909547738694,,0.0
2022-04-29,7.459,7.579,7.678999999999999,7.359000000000001,363502.58,298677.936,0.9164449818621524,,0.0
2022-05-05,7.309,7.329,7.389,7.159,309893.13,247713.085,0.9138403990024938,,0.0
2022-05-06,7.199,7.089,7.259,7.089,223756.41,176019.194,0.9111825192802055,,0.0
2022-05-09,7.109,7.089,7.179,7.009,156574.18,121812.584,0.9111825192802055,,0.0
2022-05-10,7.009,7.159,7.189,6.929,232371.0,180716.648,0.9119745222929936,,0.0
2022-05-11,7.149,7.199,7.409,7.129,310272.08,247703.402,0.9124207858048162,,0.0
2022-05-12,7.149,7.219,7.289000000000001,7.119,168591.8,132905.21,0.9126422250316056,,0.0
2022-05-13,7.239,7.279,7.359000000000001,7.1690000000000005,174608.24,138805.791,0.9132998745294856,,0.0
2022-05-16,7.379,7.199,7.379,7.159,175083.79,138938.043,0.9124207858048162,,0.0
2022-05-17,7.199,7.189,7.249,7.099,121799.49,95733.155,0.9123096446700508,,0.0
2022-05-18,7.209,7.309,7.379,7.179,254203.91,203237.141,0.913625,,0.0
2022-05-19,7.199,7.249,7.249,7.129,183138.62,144117.677,0.9129722921914358,,0.0
2022-05-20,7.269,7.359000000000001,7.428999999999999,7.259,249581.85,200498.734,0.9141614906832298,,0.0
2022-05-23,7.369000000000001,7.439000000000001,7.439000000000001,7.309,182055.36,146936.706,0.9150061500615008,,0.0
2022-05-24,7.428999999999999,7.209,7.499,7.189,224323.53,179961.233,0.9125316455696204,,0.0
2022-05-25,7.258999999999999,7.289,7.319,7.228999999999999,140765.84,109986.742,0.9309067688378032,,0.0
2022-05-26,7.279,8.068999999999999,8.068999999999999,7.239,554148.97,467781.595,0.9371660859465736,,0.0
2022-05-27,8.219,8.039,8.349,7.978999999999999,839542.79,725195.576,0.9369463869463868,,0.0
2022-05-30,8.009,7.968999999999999,8.039,7.808999999999999,431800.42,365223.152,0.936427732079906,,0.0
2022-05-31,7.968999999999999,8.158999999999999,8.238999999999999,7.919,649034.29,561704.787,0.9378160919540228,,0.0
2022-06-01,8.019,8.189,8.299,8.009,470701.16,408931.75,0.9380297823596792,,0.0
2022-06-02,8.068999999999999,8.199,8.349,8.059,472429.47,412812.347,0.9381006864988558,,0.0
2022-06-06,8.139,8.269,8.309,8.068999999999999,595955.17,521136.112,0.9385925085130532,,0.0
2022-06-07,8.229,8.068999999999999,8.339,8.009,591257.51,513669.055,0.9371660859465736,,0.0
2022-06-08,8.109,8.328999999999999,8.498999999999999,8.068999999999999,895615.44,792289.281,0.9390078917700112,,0.0
2022-06-09,8.328999999999999,8.219,8.549,8.149,684063.99,607960.166,0.93824200913242,,0.0
2022-06-10,8.059,8.399,8.449,8.009,586700.09,516493.401,0.9394854586129754,,0.0
2022-06-13,8.199,8.269,8.498999999999999,8.189,523524.28,464102.385,0.9385925085130532,,0.0
2022-06-14,8.229,9.149,9.149,8.219,1549575.31,1464076.345,0.9441692466460267,,0.0
2022-06-15,10.119,10.119,10.119,10.119,267528.61,285185.498,0.949249530956848,,0.0
2022-06-16,11.139,9.729,11.139,9.649,2839216.8,3146493.207,0.9473222979552092,,0.0
2022-06-17,9.349,9.809,10.539,8.988999999999999,2200561.85,2207128.899,0.9477294685990336,,0.0
2022-06-20,9.509,9.509,9.909,9.489,1131217.28,1151774.412,0.9461691542288556,,0.0
2022-06-21,9.479,9.309,9.649,9.189,801601.65,798697.7,0.9450761421319795,,0.0
2022-06-22,9.259,9.339,9.739,9.159,993600.82,988739.863,0.9452429149797572,,0.0
2022-06-23,9.239,9.899,10.289,9.169,1474130.2,1523349.529,0.9481800766283524,,0.0
2022-06-24,9.829,9.729,9.939,9.679,887508.49,915705.383,0.9473222979552092,,0.0
2022-06-27,9.829,9.619,9.899,9.599,658567.6,676382.418,0.946751968503937,,0.0
2022-06-28,9.509,9.689,9.809,9.369,705291.21,710947.411,0.9471163245356792,,0.0
2022-06-29,9.569,9.449,9.829,9.349,607820.18,617239.614,0.945845845845846,,0.0
2022-06-30,9.449,9.619,9.819,9.439,704086.36,721262.973,0.946751968503937,,0.0
2022-07-01,9.759,9.499,9.929,9.429,558211.21,570048.596,0.9461155378486056,,0.0
2022-07-04,9.359,9.519,9.629,9.269,355448.18,355090.149,0.9462226640159044,,0.0
2022-07-05,9.579,9.409,9.629,9.209,387733.58,384987.846,0.9456281407035176,,0.0
2022-07-06,9.389,9.399,9.559,9.309,366500.83,366155.623,0.9455734406438632,,0.0
2022-07-07,9.359,9.249,9.439,9.249,300221.64,295899.713,0.9447395301327886,,0.0
2022-07-08,9.249,9.119,9.339,9.109,277179.16,270748.279,0.9439958592132504,,0.0
2022-07-11,9.119,9.049,9.209,8.959,319838.29,307599.138,0.943587069864442,,0.0
2022-07-12,9.049,8.869,9.159,8.859,451721.82,431460.885,0.9425079702444208,,0.0
2022-07-13,8.869,8.879,8.988999999999999,8.769,344836.72,323888.011,0.9425690021231422,,0.0
2022-07-14,8.839,8.679,8.879,8.639,386349.25,358606.165,0.9413232104121476,,0.0
2022-07-15,8.639,8.369,8.719,8.359,433409.61,392731.222,0.9392817059483726,,0.0
2022-07-18,8.449,8.519,8.589,8.299,346849.05,312475.191,0.9402869757174392,,0.0
2022-07-19,8.539,8.549,8.609,8.419,256067.14,231591.495,0.9404840484048403,,0.0
2022-07-20,8.559,8.488999999999999,8.599,8.459,221115.62,200217.739,0.9400885935769656,,0.0
2022-07-21,8.479,8.469,8.609,8.429,246152.14,222955.497,0.9399556048834627,,0.0
2022-07-22,8.498999999999999,8.359,8.589,8.259,286102.96,256294.147,0.9392134831460672,,0.0
2022-07-25,8.349,8.248999999999999,8.419,8.238999999999999,185660.55,164190.122,0.938452787258248,,0.0
2022-07-26,8.269,8.289,8.309,8.189,183938.45,162052.128,0.938731596828992,,0.0
2022-07-27,8.289,8.289,8.339,8.219,145784.86,128623.737,0.938731596828992,,0.0
2022-07-28,8.379,8.689,9.159,8.369,900479.74,836403.268,0.9413867822318526,,0.0
2022-07-29,8.559,8.439,8.629,8.419,491585.23,444142.633,0.9397550111358576,,0.0
2022-08-01,8.439,8.339,8.459,8.289,242038.87,215174.445,0.9390765765765764,,0.0
2022-08-02,8.259,7.939,8.269,7.449,388820.45,330062.425,0.9362028301886792,,0.0
2022-08-03,7.898999999999999,7.789,8.078999999999999,7.779,253232.97,214780.998,0.9350540216086434,,0.0
2022-08-04,7.908999999999999,8.029,8.169,7.859,314018.85,268143.07,0.936872812135356,,0.0
2022-08-05,7.988999999999999,8.248999999999999,8.279,7.949,312514.2,270893.156,0.938452787258248,,0.0
2022-08-08,8.199,8.439,8.539,8.179,342294.92,306863.462,0.9397550111358576,,0.0
2022-08-09,8.339,8.328999999999999,8.459,8.289,224006.81,199354.059,0.9390078917700112,,0.0
2022-08-10,8.408999999999999,8.429,8.639,8.369,309599.34,279995.3,0.9396878483835004,,0.0
2022-08-11,8.469,8.979,9.099,8.449,765951.88,715467.056,0.943172268907563,,0.0
2022-08-12,8.759,8.759,8.908999999999999,8.738999999999999,446568.87,417286.487,0.9418279569892472,,0.0
2022-08-15,8.729,8.669,8.759,8.599,249258.89,229654.715,0.941259500542888,,0.0
2022-08-16,8.709,8.669,8.779,8.639,188284.45,173778.168,0.941259500542888,,0.0
2022-08-17,8.658999999999999,8.879,8.988999999999999,8.619,444879.13,417064.604,0.9425690021231422,,0.0
2022-08-18,8.828999999999999,8.759,8.869,8.719,238994.28,222942.022,0.9418279569892472,,0.0
2022-08-19,8.729,8.679,8.839,8.669,246449.55,229264.618,0.9413232104121476,,0.0
2022-08-22,8.669,8.649,8.719,8.589,193610.17,177822.923,0.9411316648531012,,0.0
2022-08-23,8.649,8.669,8.869,8.589,260792.61,241081.131,0.941259500542888,,0.0
2022-08-24,8.639,8.748999999999999,9.339,8.639,764880.29,727649.006,0.9417653390742734,,0.0
2022-08-25,8.729,8.839,8.988999999999999,8.568999999999999,646561.73,603821.733,0.9423240938166312,,0.0
2022-08-26,8.799,8.669,8.859,8.609,324325.02,299980.354,0.941259500542888,,0.0
2022-08-29,8.539,8.619,8.658999999999999,8.318999999999999,330042.69,298809.549,0.9409388646288208,,0.0
2022-08-30,8.568999999999999,8.679,8.759,8.539,214470.98,197047.379,0.9413232104121476,,0.0
2022-08-31,8.629,8.748999999999999,8.809,8.589,326427.59,302016.819,0.9417653390742734,,0.0
2022-09-01,8.689,8.488999999999999,8.719,8.488999999999999,237088.68,216564.807,0.9400885935769656,,0.0
2022-09-02,8.488999999999999,8.498999999999999,8.559,8.389,172890.0,155702.861,0.9401548672566372,,0.0
2022-09-05,8.479,8.529,8.549,8.399,116494.21,105025.328,0.9403528114663726,,0.0
2022-09-06,8.539,8.609,8.619,8.509,159024.33,144831.651,0.9408743169398908,,0.0
2022-09-07,8.578999999999999,8.498999999999999,8.578999999999999,8.459,136219.23,123161.99,0.9401548672566372,,0.0
2022-09-08,8.509,8.408999999999999,8.559,8.399,141622.79,127718.509,0.9395530726256984,,0.0
2022-09-09,8.408999999999999,8.799,9.059,8.408999999999999,671669.46,627075.703,0.9420770877944326,,0.0
2022-09-13,8.809,8.719,8.839,8.679,288405.46,267962.032,0.9415766738660908,,0.0
2022-09-14,8.559,8.539,8.689,8.498999999999999,220456.85,200491.701,0.9404185022026432,,0.0
2022-09-15,8.609,8.589,8.828999999999999,8.509,338671.33,311834.423,0.9407447973713032,,0.0
2022-09-16,8.509,8.009,8.568999999999999,8.009,417325.67,364407.84,0.9367251461988304,,0.0
2022-09-19,8.029,8.049,8.189,7.929,178827.4,153974.217,0.9370197904540164,,0.0
2022-09-20,8.089,8.099,8.158999999999999,8.009,108055.76,93215.437,0.9373842592592592,,0.0
2022-09-21,8.029,8.139,8.189,7.888999999999999,141100.74,121501.588,0.9376728110599076,,0.0
2022-09-22,8.068999999999999,8.078999999999999,8.179,8.029,133990.71,115666.846,0.9372389791183294,,0.0
2022-09-23,8.059,7.988999999999999,8.149,7.919,130036.64,111641.166,0.9365767878077372,,0.0
2022-09-26,7.949,7.699,7.988999999999999,7.699,130323.53,109181.622,0.9343446601941748,,0.0
2022-09-27,7.738999999999999,7.839,7.869,7.699,104743.83,87347.201,0.9354415274463008,,0.0
2022-09-28,7.818999999999999,7.619,7.839,7.599,104776.64,86573.259,0.9337009803921568,,0.0
2022-09-29,7.718999999999999,7.459,7.769,7.459,121353.79,98817.089,0.932375,,0.0
2022-09-30,7.468999999999999,7.638999999999999,7.699,7.468999999999999,178207.63,145428.24,0.9338630806845966,,0.0
2022-10-10,7.638999999999999,7.509,7.738999999999999,7.478999999999999,102568.04,83464.889,0.9327950310559006,,0.0
2022-10-11,7.509,7.558999999999999,7.679,7.459,157149.98,127087.778,0.93320987654321,,0.0
2022-10-12,7.498999999999999,7.789,7.789,7.478999999999999,162791.39,133323.405,0.9350540216086434,,0.0
2022-10-13,7.769,7.728999999999999,7.789,7.679,117105.95,96896.188,0.934582829504232,,0.0
2022-10-14,7.779,7.849,7.978999999999999,7.769,198107.72,166878.974,0.9355184743742552,,0.0
2022-10-17,7.818999999999999,7.939,8.049,7.789,181076.85,153387.621,0.9362028301886792,,0.0
2022-10-18,8.009,8.009,8.119,7.888999999999999,165369.24,141139.811,0.9367251461988304,,0.0
2022-10-19,7.939,7.849,7.998999999999999,7.818999999999999,149207.61,125853.439,0.9355184743742552,,0.0
2022-10-20,7.798999999999999,7.898999999999999,8.019,7.798999999999999,189682.11,160389.689,0.9359004739336492,,0.0
2022-10-21,8.149,7.898999999999999,8.209,7.869,238926.62,204321.216,0.9359004739336492,,0.0
2022-10-24,7.949,7.779,8.129,7.728999999999999,200316.8,169749.752,0.9349759615384616,,0.0
2022-10-25,7.748999999999999,7.638999999999999,7.818999999999999,7.578999999999999,193709.56,158982.491,0.9338630806845966,,0.0
2022-10-26,7.689,7.839,7.949,7.669,211592.29,176391.497,0.9354415274463008,,0.0
2022-10-27,7.818999999999999,7.828999999999999,7.959,7.789,167161.44,140503.363,0.9353643966547192,,0.0
2022-10-28,7.818999999999999,7.568999999999999,7.839,7.529,168499.05,138862.483,0.933292231812577,,0.0
2022-10-31,7.529,7.539,7.638999999999999,7.348999999999999,191805.92,154335.027,0.9330445544554457,,0.0
2022-11-01,7.578999999999999,7.818999999999999,7.818999999999999,7.539,229198.72,188554.021,0.9352870813397128,,0.0
2022-11-02,7.779,7.859,7.898999999999999,7.748999999999999,182296.42,152467.449,0.935595238095238,,0.0
2022-11-03,7.779,7.789,7.888999999999999,7.709,139317.15,116012.67,0.9350540216086434,,0.0
2022-11-04,7.798999999999999,7.968999999999999,8.049,7.779,298810.69,253723.994,0.936427732079906,,0.0
2022-11-07,7.908999999999999,7.968999999999999,8.039,7.898999999999999,168163.3,142920.203,0.936427732079906,,0.0
2022-11-08,7.978999999999999,7.968999999999999,7.998999999999999,7.888999999999999,119224.2,101108.3,0.936427732079906,,0.0
2022-11-09,7.949,7.888999999999999,7.988999999999999,7.869,162027.11,136834.39,0.9358244365361804,,0.0
2022-11-10,7.879,7.929,7.968999999999999,7.818999999999999,179069.59,151361.226,0.9361275088547816,,0.0
2022-11-11,8.099,8.078999999999999,8.229,7.978999999999999,404117.25,348679.515,0.9372389791183294,,0.0
2022-11-14,8.099,8.119,8.299,8.068999999999999,308193.62,268196.021,0.937528868360277,,0.0
2022-11-15,8.078999999999999,8.488999999999999,8.529,8.068999999999999,619223.28,552695.078,0.9400885935769656,,0.0
2022-11-16,8.399,8.299,8.439,8.259,318778.78,283367.247,0.9388009049773756,,0.0
2022-11-17,8.259,8.419,8.429,8.219,283778.79,252238.577,0.9396205357142856,,0.0
2022-11-18,8.429,8.299,8.439,8.289,223949.09,199022.722,0.9388009049773756,,0.0
2022-11-21,8.259,8.129,8.259,8.019,211174.96,182604.415,0.93760092272203,,0.0
2022-11-22,8.169,8.129,8.229,8.089,158447.56,137656.646,0.93760092272203,,0.0
2022-11-23,8.089,8.099,8.158999999999999,8.019,159430.22,137557.008,0.9373842592592592,,0.0
2022-11-24,8.169,8.029,8.199,7.978999999999999,159946.17,137768.68,0.936872812135356,,0.0
2022-11-25,7.998999999999999,8.109,8.158999999999999,7.988999999999999,160493.93,138466.194,0.937456647398844,,0.0
2022-11-28,7.929,7.949,7.998999999999999,7.789,188425.51,158837.417,0.9362779740871612,,0.0
2022-11-29,7.988999999999999,8.229,8.309,7.968999999999999,346558.49,301760.778,0.9383124287343216,,0.0
2022-11-30,8.259,8.179,8.379,8.158999999999999,251858.07,221285.356,0.9379587155963304,,0.0
2022-12-01,8.289,8.189,8.479,8.189,300584.35,266703.697,0.9380297823596792,,0.0
2022-12-02,8.189,8.139,8.238999999999999,8.099,148039.7,128722.365,0.9376728110599076,,0.0
2022-12-05,8.238999999999999,8.419,8.469,8.209,426744.23,380386.668,0.9396205357142856,,0.0
2022-12-06,8.359,8.459,8.658999999999999,8.328999999999999,378735.55,343594.549,0.9398888888888888,,0.0
2022-12-07,8.369,8.339,8.488999999999999,8.269,223696.97,198765.81,0.9390765765765764,,0.0
2022-12-08,8.309,8.269,8.349,8.238999999999999,151211.62,133256.624,0.9385925085130532,,0.0
2022-12-09,8.248999999999999,8.269,8.328999999999999,8.149,207051.13,181680.3,0.9385925085130532,,0.0
2022-12-12,8.199,8.019,8.209,7.978999999999999,258227.26,222293.831,0.9367990654205608,,0.0
2022-12-13,8.019,8.029,8.078999999999999,7.968999999999999,132406.0,113448.222,0.936872812135356,,0.0
2022-12-14,8.039,8.099,8.158999999999999,8.009,138942.46,119739.684,0.9373842592592592,,0.0
2022-12-15,8.068999999999999,8.068999999999999,8.129,8.029,84856.27,73019.414,0.9371660859465736,,0.0
2022-12-16,8.009,8.019,8.109,7.988999999999999,144559.25,123938.026,0.9367990654205608,,0.0
2022-12-19,8.049,7.728999999999999,8.059,7.669,203555.14,170469.621,0.934582829504232,,0.0
2022-12-20,7.738999999999999,7.748999999999999,7.789,7.689,94623.45,78419.513,0.9347406513872134,,0.0
2022-12-21,7.738999999999999,7.669,7.789,7.629,102422.0,84396.922,0.9341047503045068,,0.0
2022-12-22,7.728999999999999,7.679,7.779,7.629,101692.68,83962.389,0.9341849148418492,,0.0
2022-12-23,7.658999999999999,7.808999999999999,8.019,7.648999999999999,234103.88,196871.263,0.9352095808383232,,0.0
2022-12-26,7.728999999999999,7.759,7.798999999999999,7.609,209756.0,172766.557,0.9348192771084336,,0.0
2022-12-27,7.798999999999999,7.798999999999999,7.859,7.738999999999999,147331.83,122771.498,0.9351318944844124,,0.0
2022-12-28,7.759,7.699,7.789,7.648999999999999,125262.94,103367.443,0.9343446601941748,,0.0
2022-12-29,7.669,7.638999999999999,7.699,7.589,103655.17,84803.122,0.9338630806845966,,0.0
2022-12-30,7.759,7.738999999999999,7.828999999999999,7.658999999999999,141326.01,117040.817,0.9346618357487922,,0.0
2023-01-03,7.669,7.738999999999999,7.738999999999999,7.529,224643.37,183301.12,0.9346618357487922,,0.0
2023-01-04,7.679,7.728999999999999,7.798999999999999,7.669,156045.7,129267.453,0.934582829504232,,0.0
2023-01-05,7.759,7.808999999999999,7.859,7.738999999999999,289418.6,241251.077,0.9352095808383232,,0.0
2023-01-06,7.798999999999999,7.779,7.879,7.759,139611.95,116523.488,0.9349759615384616,,0.0
2023-01-09,7.879,7.968999999999999,8.078999999999999,7.808999999999999,326830.79,278005.808,0.936427732079906,,0.0
2023-01-10,7.968999999999999,8.009,8.339,7.929,364302.1,315336.35,0.9367251461988304,,0.0
2023-01-11,8.019,8.029,8.199,7.978999999999999,240211.23,206949.053,0.936872812135356,,0.0
2023-01-12,8.059,8.099,8.129,7.908999999999999,190312.34,162991.373,0.9373842592592592,,0.0
2023-01-13,8.129,8.389,8.488999999999999,8.049,501089.29,442560.731,0.9394176931690928,,0.0
2023-01-16,8.399,8.619,8.919,8.359,753106.62,693393.477,0.9409388646288208,,0.0
2023-01-17,8.568999999999999,8.709,8.719,8.559,301989.87,277529.4,0.9415135135135134,,0.0
2023-01-18,8.669,8.699,8.759,8.639,199352.93,184066.305,0.9414502164502164,,0.0
2023-01-19,8.658999999999999,8.939,8.939,8.619,322247.04,302075.838,0.9429324894514768,,0.0
2023-01-20,8.919,8.719,8.969,8.629,299247.32,277752.063,0.9415766738660908,,0.0
2023-01-30,8.839,8.578999999999999,8.899,8.549,268506.41,246441.804,0.9406798245614034,,0.0
2023-01-31,8.578999999999999,8.559,8.658999999999999,8.519,183572.07,167396.721,0.9405494505494504,,0.0
2023-02-01,8.568999999999999,8.828999999999999,8.839,8.568999999999999,325222.58,301309.037,0.9422625400213448,,0.0
2023-02-02,8.859,8.619,8.939,8.568999999999999,361284.31,333250.777,0.9409388646288208,,0.0
2023-02-03,8.609,8.629,8.689,8.488999999999999,236288.37,215725.083,0.9410032715376226,,0.0
2023-02-06,8.559,8.498999999999999,8.609,8.459,206301.8,186836.382,0.9401548672566372,,0.0
2023-02-07,8.599,8.469,8.599,8.389,160770.59,145007.439,0.9399556048834627,,0.0
2023-02-08,8.449,8.318999999999999,8.498999999999999,8.309,169836.04,151567.338,0.9389390519187358,,0.0
2023-02-09,8.328999999999999,8.429,8.439,8.309,164300.75,146768.655,0.9396878483835004,,0.0
2023-02-10,8.379,8.439,8.509,8.369,169992.87,152962.276,0.9397550111358576,,0.0
2023-02-13,8.419,8.449,8.479,8.359,138684.18,124130.565,0.9398220244716352,,0.0
2023-02-14,8.469,8.399,8.479,8.328999999999999,123798.05,110558.366,0.9394854586129754,,0.0
2023-02-15,8.389,8.479,8.599,8.369,290773.15,263041.885,0.940022172949002,,0.0
2023-02-16,8.419,8.299,8.679,8.219,414199.98,374275.628,0.9388009049773756,,0.0
2023-02-17,8.269,8.149,8.359,8.149,199196.26,174858.913,0.9377445339470656,,0.0
2023-02-20,8.219,8.429,8.469,8.199,279867.49,248477.596,0.9396878483835004,,0.0
2023-02-21,8.419,8.408999999999999,8.498999999999999,8.339,188981.11,169140.672,0.9395530726256984,,0.0
2023-02-22,8.408999999999999,8.129,8.408999999999999,8.059,977979.28,850047.81,0.93760092272203,,0.0
2023-02-23,8.129,8.209,8.279,8.099,534817.54,468173.147,0.9381714285714284,,0.0
2023-02-24,8.318999999999999,8.229,8.359,8.179,267375.79,234597.529,0.9383124287343216,,0.0
2023-02-27,8.169,8.089,8.199,8.049,238426.22,206245.737,0.9373117033603708,,0.0
2023-02-28,8.119,8.158999999999999,8.179,8.059,237146.89,205422.338,0.9378160919540228,,0.0
2023-03-01,8.149,8.209,8.248999999999999,8.119,328842.39,287063.909,0.9381714285714284,,0.0
2023-03-02,8.179,8.149,8.199,8.129,211876.78,184402.99,0.9377445339470656,,0.0
2023-03-03,8.169,8.189,8.199,8.089,288420.95,250859.861,0.9380297823596792,,0.0
2023-03-06,8.189,8.099,8.199,8.078999999999999,236689.52,204913.821,0.9373842592592592,,0.0
2023-03-07,8.078999999999999,7.959,8.139,7.949,271796.99,233548.601,0.9363529411764704,,0.0
2023-03-08,7.949,7.978999999999999,7.998999999999999,7.939,123504.04,105067.573,0.9365023474178404,,0.0
2023-03-09,7.968999999999999,7.939,7.988999999999999,7.908999999999999,147890.45,125490.928,0.9362028301886792,,0.0
2023-03-10,7.908999999999999,7.849,7.929,7.828999999999999,188412.8,158523.299,0.9355184743742552,,0.0
2023-03-13,7.859,7.869,7.898999999999999,7.789,228671.38,191609.304,0.9356718192627824,,0.0
2023-03-14,7.828999999999999,7.808999999999999,7.849,7.718999999999999,216366.24,180213.855,0.9352095808383232,,0.0
2023-03-15,7.849,7.828999999999999,7.908999999999999,7.828999999999999,202788.54,170421.152,0.9353643966547192,,0.0
2023-03-16,7.779,7.839,7.978999999999999,7.769,300345.82,253812.747,0.9354415274463008,,0.0
2023-03-17,7.959,7.978999999999999,7.998999999999999,7.879,343823.09,291838.748,0.9365023474178404,,0.0
2023-03-20,7.959,7.869,8.009,7.849,220427.25,186611.098,0.9356718192627824,,0.0
2023-03-21,7.908999999999999,7.919,7.929,7.869,132655.75,112016.275,0.9360520094562648,,0.0
2023-03-22,7.929,7.929,7.968999999999999,7.888999999999999,178816.66,151513.415,0.9361275088547816,,0.0
2023-03-23,7.879,7.978999999999999,7.988999999999999,7.869,281297.96,238733.537,0.9365023474178404,,0.0
2023-03-24,7.978999999999999,7.888999999999999,7.988999999999999,7.869,291984.34,246987.112,0.9358244365361804,,0.0
2023-03-27,7.898999999999999,7.919,7.939,7.839,292826.92,246920.983,0.9360520094562648,,0.0
2023-03-28,7.929,7.798999999999999,7.929,7.789,258659.37,216819.164,0.9351318944844124,,0.0
2023-03-29,7.808999999999999,7.789,7.828999999999999,7.728999999999999,250274.3,208095.32,0.9350540216086434,,0.0
2023-03-30,7.789,7.798999999999999,7.839,7.699,223541.39,185582.702,0.9351318944844124,,0.0
2023-03-31,7.779,7.748999999999999,7.818999999999999,7.728999999999999,173240.38,143908.635,0.9347406513872134,,0.0
2023-04-03,7.748999999999999,7.949,7.959,7.738999999999999,449418.14,378423.813,0.9362779740871612,,0.0
2023-04-04,7.949,7.939,7.998999999999999,7.869,297235.61,251641.707,0.9362028301886792,,0.0
2023-04-06,7.919,7.869,7.919,7.828999999999999,177442.31,149355.5,0.9356718192627824,,0.0
2023-04-07,7.908999999999999,7.929,7.959,7.859,253833.33,214897.418,0.9361275088547816,,0.0
2023-04-10,7.988999999999999,7.919,8.089,7.908999999999999,463386.53,396017.871,0.9360520094562648,,0.0
2023-04-11,7.988999999999999,8.009,8.089,7.939,382609.86,327067.009,0.9367251461988304,,0.0
2023-04-12,8.009,8.019,8.049,7.949,267215.94,228446.95,0.9367990654205608,,0.0
2023-04-13,7.988999999999999,7.939,8.029,7.898999999999999,230083.0,195458.061,0.9362028301886792,,0.0
2023-04-14,7.939,7.949,7.978999999999999,7.898999999999999,177766.41,150774.178,0.9362779740871612,,0.0
2023-04-17,7.978999999999999,8.248999999999999,8.259,7.959,842306.02,731482.922,0.938452787258248,,0.0
2023-04-18,8.199,8.238999999999999,8.318999999999999,8.139,475568.98,416725.304,0.938382687927107,,0.0
2023-04-19,8.179,8.059,8.209,8.019,369567.44,318746.99,0.937093023255814,,0.0
2023-04-20,8.049,8.339,8.389,7.988999999999999,638817.98,558295.941,0.9390765765765764,,0.0
2023-04-21,8.279,8.229,8.349,8.078999999999999,573001.98,499889.471,0.9383124287343216,,0.0
2023-04-24,8.149,7.988999999999999,8.158999999999999,7.919,617331.96,529830.125,0.9365767878077372,,0.0
2023-04-25,8.009,7.939,8.019,7.808999999999999,416789.0,352789.579,0.9362028301886792,,0.0
2023-04-26,7.859,7.888999999999999,7.929,7.849,262887.06,221436.697,0.9358244365361804,,0.0
2023-04-27,7.869,7.939,7.988999999999999,7.828999999999999,297851.6,251542.038,0.9362028301886792,,0.0
2023-04-28,8.049,8.189,8.318999999999999,7.949,617672.95,537693.989,0.9380297823596792,,0.0
2023-05-04,8.119,8.349,8.359,8.109,605962.24,533675.33,0.9391451068616422,,0.0
2023-05-05,8.328999999999999,8.309,8.549,8.248999999999999,539754.4,482144.379,0.9388700564971753,,0.0
2023-05-08,8.289,8.408999999999999,8.498999999999999,8.199,541549.05,482622.252,0.9395530726256984,,0.0
2023-05-09,8.419,8.459,8.769,8.349,1162053.21,1061004.439,0.9398888888888888,,0.0
2023-05-10,8.279,8.248999999999999,8.469,8.149,579679.82,510918.214,0.938452787258248,,0.0
2023-05-11,8.328999999999999,8.238999999999999,8.339,8.209,277380.11,244398.659,0.938382687927107,,0.0
2023-05-12,8.259,8.318999999999999,8.509,8.179,615831.31,549843.344,0.9389390519187358,,0.0
2023-05-15,8.259,8.399,8.419,8.039,581692.0,509070.45,0.9394854586129754,,0.0
2023-05-16,8.379,8.279,8.488999999999999,8.259,320574.61,285186.102,0.9386621315192744,,0.0
2023-05-17,8.279,8.299,8.349,8.179,213562.93,188224.892,0.9388009049773756,,0.0
2023-05-18,8.299,8.189,8.318999999999999,8.139,353591.42,309795.985,0.9380297823596792,,0.0
2023-05-19,8.149,8.068999999999999,8.158999999999999,8.029,271354.81,233857.579,0.9371660859465736,,0.0
2023-05-22,8.049,8.099,8.109,8.009,163387.0,140521.768,0.9373842592592592,,0.0
2023-05-23,8.099,7.959,8.129,7.949,188791.77,161455.549,0.9363529411764704,,0.0
2023-05-24,7.939,7.869,7.988999999999999,7.859,175939.68,149059.405,0.9356718192627824,,0.0
2023-05-25,7.869,7.919,7.929,7.849,162386.86,137025.276,0.9360520094562648,,0.0
2023-05-26,7.908999999999999,7.929,7.949,7.869,120796.21,102131.53,0.9361275088547816,,0.0
2023-05-29,7.919,7.898999999999999,7.968999999999999,7.898999999999999,121371.76,102765.853,0.9359004739336492,,0.0
2023-05-30,7.869,7.919,7.919,7.779,197790.25,166201.999,0.9360520094562648,,0.0
2023-05-31,7.879,7.908999999999999,7.959,7.869,148034.27,125051.16,0.9359763313609468,,0.0
2023-06-01,7.888999999999999,7.898999999999999,7.988999999999999,7.879,166609.65,141138.177,0.9359004739336492,,0.0
2023-06-02,7.939,7.949,7.959,7.888999999999999,170001.75,143892.32,0.9362779740871612,,0.0
2023-06-05,7.949,7.888999999999999,7.949,7.879,129436.83,109399.011,0.9358244365361804,,0.0
2023-06-06,7.879,7.759,7.949,7.738999999999999,205187.18,172112.44,0.9348192771084336,,0.0
2023-06-07,7.759,7.789,7.849,7.748999999999999,145818.79,121425.416,0.9350540216086434,,0.0
2023-06-08,7.779,7.859,7.879,7.728999999999999,184679.74,154251.775,0.935595238095238,,0.0
2023-06-09,7.839,7.939,7.968999999999999,7.818999999999999,344873.39,290920.743,0.9362028301886792,,0.0
2023-06-12,7.908999999999999,7.888999999999999,7.939,7.859,185382.92,156374.867,0.9358244365361804,,0.0
2023-06-13,7.888999999999999,7.908999999999999,7.919,7.869,105576.66,89025.206,0.9359763313609468,,0.0
2023-06-14,7.919,7.879,7.978999999999999,7.859,168316.28,142237.331,0.9357482185273158,,0.0
2023-06-15,7.898999999999999,7.949,7.968999999999999,7.828999999999999,245175.85,207153.799,0.9362779740871612,,0.0
2023-06-16,7.949,7.929,7.949,7.888999999999999,205599.17,173872.468,0.9361275088547816,,0.0
2023-06-19,7.919,7.869,7.919,7.859,139477.33,117424.998,0.9356718192627824,,0.0
2023-06-20,7.859,7.808999999999999,7.888999999999999,7.808999999999999,132565.3,111047.091,0.9352095808383232,,0.0
2023-06-21,7.808999999999999,7.689,7.839,7.689,186199.15,154319.11,0.9342648845686512,,0.0
2023-06-26,7.638999999999999,7.568999999999999,7.679,7.548999999999999,164660.54,134250.659,0.933292231812577,,0.0
2023-06-27,7.589,7.589,7.619,7.568999999999999,155768.17,126713.613,0.9334563345633456,,0.0
2023-06-28,7.589,7.529,7.589,7.478999999999999,177816.0,143384.191,0.9329615861214374,,0.0
2023-06-29,7.529,7.519,7.548999999999999,7.498999999999999,110309.0,88958.688,0.93287841191067,,0.0
2023-06-30,7.529,7.589,7.638999999999999,7.509,185038.3,150481.481,0.9334563345633456,,0.0
2023-07-03,7.578999999999999,7.679,7.709,7.578999999999999,209651.23,171943.336,0.9341849148418492,,0.0
2023-07-04,7.638999999999999,7.669,7.709,7.629,143967.97,118310.165,0.9341047503045068,,0.0
2023-07-05,7.658999999999999,7.638999999999999,7.699,7.619,115195.89,94317.913,0.9338630806845966,,0.0
2023-07-06,7.638999999999999,7.599,7.658999999999999,7.578999999999999,96507.0,78728.341,0.9335380835380837,,0.0
2023-07-07,7.578999999999999,7.638999999999999,7.689,7.568999999999999,127907.22,104533.727,0.9338630806845966,,0.0
2023-07-10,7.648999999999999,7.629,7.689,7.609,128156.83,104888.675,0.933782129742962,,0.0
2023-07-11,7.648999999999999,7.669,7.679,7.629,121522.0,99550.22,0.9341047503045068,,0.0
2023-07-12,7.658999999999999,7.589,7.699,7.578999999999999,151117.0,123541.872,0.9334563345633456,,0.0
2023-07-13,7.638999999999999,7.689,7.718999999999999,7.619,220385.64,181124.505,0.9342648845686512,,0.0
2023-07-14,7.738999999999999,7.689,7.759,7.669,225689.5,186208.897,0.9342648845686512,,0.0
2023-07-17,7.669,7.709,7.718999999999999,7.648999999999999,124896.2,102652.399,0.9344242424242424,,0.0
2023-07-18,7.709,7.699,7.738999999999999,7.669,134172.12,110537.173,0.9343446601941748,,0.0
2023-07-19,7.689,7.728999999999999,7.728999999999999,7.658999999999999,131316.0,108225.031,0.934582829504232,,0.0
2023-07-20,7.738999999999999,7.669,7.748999999999999,7.669,139479.6,115101.523,0.9341047503045068,,0.0
2023-07-21,7.679,7.689,7.718999999999999,7.658999999999999,138884.22,114248.209,0.9342648845686512,,0.0
2023-07-24,7.678999999999999,7.689000000000001,7.709,7.639,116934.84,94973.995,0.9457564575645756,,0.0
2023-07-25,7.919,7.989,8.019,7.809,682744.0,570714.703,0.9476868327402136,,0.0
2023-07-26,7.949000000000001,7.979,7.999,7.899,287503.53,241229.855,0.947624703087886,,0.0
2023-07-27,7.979,7.909,8.008999999999999,7.899,207396.98,173923.956,0.947185628742515,,0.0
2023-07-28,7.899,8.369,8.449,7.889,1049566.68,909367.547,0.94994324631101,,0.0
2023-07-31,8.459,8.449,8.629,8.379,1053833.96,942087.559,0.9503937007874016,,0.0
2023-08-01,8.359,8.479,8.588999999999999,8.318999999999999,644293.7,575057.925,0.9505605381165918,,0.0
2023-08-02,8.469,8.578999999999999,8.719,8.408999999999999,594413.18,537249.531,0.9511086474501108,,0.0
2023-08-03,8.678999999999998,8.818999999999999,8.869,8.508999999999999,879596.22,806376.381,0.9523758099352052,,0.0
2023-08-04,9.069,9.029,9.359,8.918999999999999,1607573.9,1536438.361,0.953431890179514,,0.0
2023-08-07,9.098999999999998,9.289,9.739,9.069,1544266.81,1500106.475,0.9546762589928056,,0.0
2023-08-08,9.069,8.949,9.119,8.758999999999999,1165499.08,1093029.485,0.953035143769968,,0.0
2023-08-09,8.949,8.879,9.019,8.828999999999999,559936.4,523148.885,0.9526824034334764,,0.0
2023-08-10,8.899,8.988999999999999,8.998999999999999,8.848999999999998,646060.19,605227.186,0.9532343584305408,,0.0
2023-08-11,8.908999999999999,8.668999999999999,8.908999999999999,8.658999999999999,722343.8,663968.421,0.9515916575192096,,0.0
2023-08-14,8.498999999999999,8.639,8.719,8.469,573786.65,519320.41,0.951431718061674,,0.0
2023-08-15,8.639,8.699,8.738999999999999,8.559,438291.26,398898.643,0.9517505470459516,,0.0
2023-08-16,8.568999999999999,8.769,8.928999999999998,8.498999999999999,647143.58,595963.723,0.952117263843648,,0.0
2023-08-17,8.689,8.748999999999999,8.809,8.609,531501.72,486639.976,0.952013057671382,,0.0
2023-08-18,8.738999999999999,8.549,8.859,8.508999999999999,443337.84,403716.0,0.950945494994438,,0.0
2023-08-21,8.449,8.309,8.588999999999999,8.258999999999999,468704.83,414819.776,0.9496,,0.0
2023-08-22,8.348999999999998,8.408999999999999,8.439,8.229,450874.9,396489.709,0.9501694915254236,,0.0
2023-08-23,8.318999999999999,8.158999999999999,8.359,8.149,292553.06,254028.526,0.948720930232558,,0.0
2023-08-24,8.219,8.219,8.348999999999998,8.109,359137.25,311319.827,0.9490762124711316,,0.0
2023-08-25,8.158999999999999,8.219,8.338999999999999,8.158999999999999,354613.58,307763.027,0.9490762124711316,,0.0
2023-08-28,9.089,8.348999999999998,9.089,8.338999999999999,1087923.44,994823.85,0.949829351535836,,0.0
2023-08-29,8.269,8.408999999999999,8.439,8.098999999999998,874935.73,763396.049,0.9501694915254236,,0.0
2023-08-30,8.369,8.279,8.578999999999999,8.229,731322.3,644258.489,0.9494266055045872,,0.0
2023-08-31,8.338999999999999,8.338999999999999,8.629,8.289,1095616.69,973855.839,0.949772209567198,,0.0
2023-09-01,8.399,8.209,8.439,8.158999999999999,635311.43,550815.768,0.9490173410404624,,0.0
2023-09-04,8.209,8.149,8.238999999999999,8.049,549796.38,471612.989,0.948661233993015,,0.0
2023-09-05,8.149,8.088999999999999,8.158999999999999,8.059,338048.46,288669.162,0.9483001172332942,,0.0
2023-09-06,8.068999999999999,8.019,8.078999999999999,7.949000000000001,368918.05,311694.082,0.9478723404255318,,0.0
2023-09-07,7.989,7.959,8.059,7.949000000000001,289737.48,244547.798,0.9475,,0.0
2023-09-08,7.919,7.989,8.008999999999999,7.909,210486.26,176799.594,0.9476868327402136,,0.0
2023-09-11,7.989,8.109,8.129,7.949000000000001,384325.04,326483.534,0.9484210526315788,,0.0
2023-09-12,8.078999999999999,8.019,8.109,8.008999999999999,215796.87,183196.681,0.9478723404255318,,0.0
2023-09-13,8.029,7.899,8.039,7.869000000000001,229110.0,191862.089,0.9471223021582734,,0.0
2023-09-14,7.939000000000001,7.919,7.959,7.879,173719.0,145100.426,0.9472488038277512,,0.0
2023-09-15,7.939000000000001,7.899,7.969,7.869000000000001,206373.55,172603.934,0.9471223021582734,,0.0
2023-09-18,7.869000000000001,7.919,7.928999999999999,7.838999999999999,183351.0,152819.71,0.9472488038277512,,0.0
2023-09-19,7.919,7.919,7.949000000000001,7.879,142095.05,118706.798,0.9472488038277512,,0.0
2023-09-20,7.889,7.859000000000001,7.928999999999999,7.838999999999999,177027.0,147369.107,0.946867469879518,,0.0
2023-09-21,7.848999999999999,7.819,7.899,7.809,150797.0,124931.467,0.9466101694915254,,0.0
2023-09-22,7.859000000000001,7.999,8.008999999999999,7.819,304266.41,254809.16,0.9477488151658768,,0.0
2023-09-25,7.949000000000001,7.848999999999999,7.969,7.838999999999999,232578.28,193405.628,0.9468033775633292,,0.0
2023-09-26,7.859000000000001,7.848999999999999,7.889,7.838999999999999,126237.19,104781.599,0.9468033775633292,,0.0
2023-09-27,7.848999999999999,7.859000000000001,7.889,7.838999999999999,142035.32,117996.729,0.946867469879518,,0.0
2023-09-28,7.869000000000001,7.859000000000001,7.899,7.829,173195.81,143726.592,0.946867469879518,,0.0
2023-10-09,7.838999999999999,7.758999999999999,7.838999999999999,7.719,212588.08,174403.535,0.946219512195122,,0.0
2023-10-10,7.779000000000001,7.758999999999999,7.838999999999999,7.749,123893.76,101898.889,0.946219512195122,,0.0
2023-10-11,7.789000000000001,7.749,7.809,7.739,161765.2,132783.684,0.946153846153846,,0.0
2023-10-12,7.848999999999999,7.848999999999999,7.859000000000001,7.779000000000001,189339.24,156409.833,0.9468033775633292,,0.0
2023-10-13,7.799,7.758999999999999,7.809,7.729,176622.0,144802.818,0.946219512195122,,0.0
2023-10-16,7.758999999999999,7.789000000000001,7.829,7.709,205611.99,168988.932,0.946415552855407,,0.0
2023-10-17,7.809,7.879,7.928999999999999,7.789000000000001,277683.54,230602.05,0.9469951923076924,,0.0
2023-10-18,7.848999999999999,7.809,7.889,7.809,183397.66,151963.671,0.9465454545454546,,0.0
2023-10-19,7.789000000000001,7.739,7.889,7.739,334362.82,276050.59,0.9460880195599022,,0.0
2023-10-20,7.709,7.769000000000001,7.838999999999999,7.678999999999999,220123.99,180943.724,0.946285018270402,,0.0
2023-10-23,7.749,7.559,7.749,7.549,266056.83,214509.019,0.944875,,0.0
2023-10-24,7.639,7.779000000000001,7.809,7.579,304344.37,247583.76,0.9463503649635036,,0.0
2023-10-25,7.779000000000001,7.758999999999999,7.829,7.749,226212.65,185960.511,0.946219512195122,,0.0
2023-10-26,7.709,7.758999999999999,7.779000000000001,7.699000000000001,179930.0,147165.719,0.946219512195122,,0.0
2023-10-27,7.749,7.809,7.829,7.719,233243.61,191728.084,0.9465454545454546,,0.0
2023-10-30,7.779000000000001,7.799,7.829,7.749,216271.11,177882.698,0.946480582524272,,0.0
2023-10-31,7.879,7.919,7.939000000000001,7.848999999999999,374536.88,312510.053,0.9472488038277512,,0.0
2023-11-01,7.959,7.899,7.999,7.879,240187.98,200911.215,0.9471223021582734,,0.0
2023-11-02,7.889,7.809,7.928999999999999,7.799,195234.45,161967.967,0.9465454545454546,,0.0
2023-11-03,7.809,7.848999999999999,7.909,7.789000000000001,193260.72,160233.665,0.9468033775633292,,0.0
2023-11-06,7.979,8.098999999999998,8.129,7.949000000000001,527764.71,447523.121,0.9483606557377048,,0.0
2023-11-07,8.059,8.149,8.189,8.029,403243.4,345941.195,0.948661233993015,,0.0
2023-11-08,8.109,8.078999999999999,8.168999999999999,8.019,280290.7,239244.843,0.9482394366197182,,0.0
2023-11-09,8.078999999999999,8.029,8.098999999999998,7.999,195503.0,165765.011,0.9479338842975206,,0.0
2023-11-10,8.039,7.999,8.068999999999999,7.979,223416.95,188834.669,0.9477488151658768,,0.0
2023-11-13,8.019,7.949000000000001,8.019,7.909,208728.52,174921.111,0.9474374255065554,,0.0
2023-11-14,7.959,8.049,8.129,7.949000000000001,366954.69,311035.311,0.9480565371024734,,0.0
2023-11-15,8.119,8.068999999999999,8.199,8.059,299880.0,256767.305,0.9481786133960046,,0.0
2023-11-16,8.068999999999999,8.019,8.119,8.008999999999999,178044.91,151471.402,0.9478723404255318,,0.0
2023-11-17,7.999,8.078999999999999,8.078999999999999,7.969,187862.69,159090.843,0.9482394366197182,,0.0
2023-11-20,8.078999999999999,8.139,8.219,8.008999999999999,276454.53,236457.528,0.9486013986013984,,0.0
2023-11-21,8.158999999999999,8.078999999999999,8.248999999999999,8.049,298626.9,256797.161,0.9482394366197182,,0.0
2023-11-22,8.049,8.008999999999999,8.109,7.999,167629.53,142407.809,0.947810650887574,,0.0
2023-11-23,8.008999999999999,8.039,8.049,7.969,160027.44,135236.897,0.9479952830188678,,0.0
2023-11-24,8.019,7.928999999999999,8.019,7.919,169148.39,142155.737,0.9473118279569892,,0.0
2023-11-27,7.909,7.859000000000001,7.919,7.819,156753.49,130017.798,0.946867469879518,,0.0
2023-11-28,7.859000000000001,7.869000000000001,7.899,7.819,104104.25,86442.505,0.9469314079422384,,0.0
2023-11-29,7.859000000000001,7.799,7.879,7.779000000000001,119032.36,98430.744,0.946480582524272,,0.0
2023-11-30,7.779000000000001,7.848999999999999,7.848999999999999,7.769000000000001,132372.51,109331.467,0.9468033775633292,,0.0
2023-12-01,7.848999999999999,7.909,7.909,7.809,139823.72,116138.619,0.947185628742515,,0.0
2023-12-04,7.909,7.899,7.969,7.879,158616.47,132729.608,0.9471223021582734,,0.0
2023-12-05,7.889,7.809,7.899,7.789000000000001,121991.45,101090.542,0.9465454545454546,,0.0
2023-12-06,7.799,7.809,7.848999999999999,7.769000000000001,124035.11,102252.331,0.9465454545454546,,0.0
2023-12-07,7.809,7.838999999999999,7.859000000000001,7.758999999999999,123839.88,102251.168,0.9467391304347826,,0.0
2023-12-08,7.838999999999999,7.799,7.879,7.779000000000001,127355.05,105327.613,0.946480582524272,,0.0
2023-12-11,7.789000000000001,7.979,7.999,7.678999999999999,251595.76,208716.778,0.947624703087886,,0.0
2023-12-12,7.959,7.989,7.999,7.928999999999999,119872.18,100790.118,0.9476868327402136,,0.0
2023-12-13,7.979,7.939000000000001,7.999,7.919,99494.66,83550.772,0.9473747016706444,,0.0
2023-12-14,7.989,7.928999999999999,7.999,7.899,101728.0,85308.786,0.9473118279569892,,0.0
2023-12-15,7.928999999999999,7.919,7.999,7.859000000000001,178041.94,148895.325,0.9472488038277512,,0.0
2023-12-18,7.879,7.879,7.928999999999999,7.758999999999999,151616.81,125458.612,0.9469951923076924,,0.0
2023-12-19,7.789000000000001,7.729,7.799,7.669,216087.42,176720.805,0.9460220318237454,,0.0
2023-12-20,7.729,7.569,7.739,7.569,187548.5,151453.556,0.9449438202247192,,0.0
2023-12-21,7.559,7.509,7.588999999999999,7.439,223990.01,178118.311,0.9445283018867924,,0.0
2023-12-22,7.499,7.469,7.529,7.419,164269.0,129909.392,0.9442477876106194,,0.0
2023-12-25,7.459,7.439,7.479,7.419,98312.0,77567.986,0.944035532994924,,0.0
2023-12-26,7.429,7.369,7.449,7.339,154338.12,120681.681,0.9435339308578744,,0.0
2023-12-27,7.379,7.439,7.519,7.299,161823.47,126911.526,0.944035532994924,,0.0
2023-12-28,7.409,7.569,7.598999999999999,7.399,208005.73,165700.058,0.9449438202247192,,0.0
2023-12-29,7.549,7.559,7.588999999999999,7.529,133191.0,106581.184,0.944875,,0.0
2024-01-02,7.559,7.479,7.569,7.469,151910.0,120721.607,0.9443181818181818,,0.0
2024-01-03,7.509,7.499,7.539000000000001,7.459,127167.9,100987.77,0.9444584382871536,,0.0
2024-01-04,7.499,7.409,7.509,7.389,134354.7,105793.753,0.9438216560509556,,0.0
2024-01-05,7.409,7.389,7.479,7.279,199269.58,155836.952,0.9436781609195404,,0.0
2024-01-08,7.329,7.239,7.329,7.179,223195.0,171337.396,0.942578125,,0.0
2024-01-09,7.219,7.109,7.269,7.019,302043.07,229003.863,0.94158940397351,,0.0
2024-01-10,7.059,7.049,7.139,6.9990000000000006,158452.93,118912.643,0.9411214953271028,,0.0
2024-01-11,7.049,7.119,7.159,7.029,158393.74,119584.516,0.9416666666666668,,0.0
2024-01-12,7.119,7.089,7.1690000000000005,7.079,136435.17,103269.832,0.9414342629482072,,0.0
2024-01-15,7.059,7.089,7.139,7.029,89843.0,67657.213,0.9414342629482072,,0.0
2024-01-16,7.069,7.159,7.179,7.039000000000001,151297.75,114206.589,0.9419736842105264,,0.0
2024-01-17,7.129,7.009,7.149,6.9990000000000006,151865.0,114285.71,0.9408053691275168,,0.0
2024-01-18,6.939,6.989,7.019,6.779,281226.38,206178.613,0.9406460296096903,,0.0
2024-01-19,6.9590000000000005,6.929,6.989,6.869,151141.72,111485.454,0.9401628222523744,,0.0
2024-01-22,6.889,6.659,6.949,6.609,196238.96,142224.046,0.937887323943662,,0.0
2024-01-23,6.629,6.729,6.789000000000001,6.569,234788.66,168144.082,0.9384937238493724,,0.0
2024-01-24,6.779,7.039000000000001,7.109,6.629,397738.8,289770.412,0.9410427807486632,,0.0
2024-01-25,6.9590000000000005,7.209,7.249,6.949,388908.75,294539.132,0.9423529411764706,,0.0
2024-01-26,7.139,7.259,7.349,7.119,305888.66,235416.36,0.9427272727272727,,0.0
2024-01-29,7.299,7.159,7.319,7.149,274486.79,210396.361,0.9419736842105264,,0.0
2024-01-30,7.099,6.9590000000000005,7.159,6.939,239536.26,179685.126,0.9404054054054054,,0.0
2024-01-31,6.929,6.879,7.049,6.819,240413.49,177321.513,0.9397540983606556,,0.0
2024-02-01,6.809,6.789000000000001,6.949,6.699,245243.43,178244.904,0.9390041493775934,,0.0
2024-02-02,6.799,6.599,6.849,6.389,331707.84,234326.652,0.9373579545454546,,0.0
2024-02-05,6.479,6.309,6.589,6.159,326422.78,222719.289,0.9346666666666666,,0.0
2024-02-06,6.1690000000000005,6.929,6.969,6.159,425092.01,301042.082,0.9401628222523744,,0.0
2024-02-07,6.879,7.149,7.219,6.859,482499.79,364361.275,0.941897233201581,,0.0
2024-02-08,7.179,7.179,7.439,7.1690000000000005,471378.69,365836.174,0.9421259842519684,,0.0
2024-02-19,7.159,7.029,7.159,6.889,322438.43,239687.301,0.9409638554216868,,0.0
2024-02-20,6.989,7.079,7.129,6.9190000000000005,276766.57,206889.29,0.9413563829787234,,0.0
2024-02-21,7.039000000000001,7.109,7.339,6.969,376988.84,287443.967,0.94158940397351,,0.0
2024-02-22,7.079,7.149,7.209,7.079,248742.68,188421.848,0.941897233201581,,0.0
2024-02-23,7.179,7.239,7.249,7.109,277711.53,211786.348,0.942578125,,0.0
2024-02-26,7.229,7.199,7.289000000000001,7.179,239924.05,184029.22,0.9422774869109948,,0.0
2024-02-27,7.179,7.339,7.339,7.1690000000000005,241608.68,185994.609,0.9433161953727508,,0.0
2024-02-28,7.389,7.239,7.659,7.239,527602.69,417030.247,0.942578125,,0.0
2024-02-29,7.209,7.479,7.479,7.209,328317.2,256224.455,0.9443181818181818,,0.0
2024-03-01,7.469,7.489,7.549,7.399,238731.61,188588.894,0.9443883984867592,,0.0
2024-03-04,7.459,7.409,7.489,7.329,218978.0,171446.805,0.9438216560509556,,0.0
2024-03-05,7.389,7.309,7.399,7.279,182622.63,141775.114,0.9430967741935484,,0.0
2024-03-06,7.289000000000001,7.269,7.379,7.179,223288.0,172566.9,0.9428015564202334,,0.0
2024-03-07,7.269,7.1690000000000005,7.329,7.1690000000000005,196567.57,151140.926,0.9420499342969776,,0.0
2024-03-08,7.159,7.209,7.239,7.129,141898.89,108179.311,0.9423529411764706,,0.0
2024-03-11,7.179,7.339,7.339,7.179,216366.12,166698.828,0.9433161953727508,,0.0
2024-03-12,7.389,7.429,7.509,7.359,345250.31,271548.113,0.9439644218551462,,0.0
2024-03-13,7.409,7.349,7.429,7.319,218209.95,170201.088,0.9433889602053916,,0.0
2024-03-14,7.309,7.289000000000001,7.399,7.219,207639.72,160613.946,0.9429495472186288,,0.0
2024-03-15,7.249,7.369,7.369,7.219,197713.0,152670.772,0.9435339308578744,,0.0
2024-03-18,7.389,7.479,7.539000000000001,7.379,401173.0,316968.419,0.9443181818181818,,0.0
2024-03-19,7.449,7.339,7.459,7.329,243728.16,190841.708,0.9433161953727508,,0.0
2024-03-20,7.339,7.359,7.409,7.319,206431.83,160950.074,0.9434615384615384,,0.0
2024-03-21,7.399,7.369,7.449,7.339,247925.82,194185.118,0.9435339308578744,,0.0
2024-03-22,7.359,7.209,7.389,7.199,287853.2,221753.804,0.9423529411764706,,0.0
2024-03-25,7.119,6.979,7.1690000000000005,6.979,288127.55,216486.396,0.9405660377358492,,0.0
2024-03-26,6.979,7.029,7.039000000000001,6.9590000000000005,183003.1,136240.442,0.9409638554216868,,0.0
2024-03-27,6.989,6.869,7.019,6.859,160731.15,118640.524,0.939671682626539,,0.0
2024-03-28,6.869,6.909,6.9990000000000006,6.859,155330.61,114498.247,0.94,,0.0
2024-03-29,6.909,6.9990000000000006,6.9990000000000006,6.889,158435.0,117003.774,0.940725806451613,,0.0
2024-04-01,7.089,7.109,7.129,7.059,154262.78,116317.153,0.94158940397351,,0.0
2024-04-02,7.109,7.029,7.159,7.009,168836.61,126950.907,0.9409638554216868,,0.0
2024-04-03,7.019,6.989,7.059,6.989,112404.0,83741.828,0.9406460296096903,,0.0
2024-04-08,6.939,6.839,6.9590000000000005,6.839,178531.41,130811.692,0.9394230769230768,,0.0
2024-04-09,6.849,6.879,6.899,6.839,98019.23,71651.835,0.9397540983606556,,0.0
2024-04-10,6.9190000000000005,6.859,7.039000000000001,6.829,304510.67,224395.478,0.9395890410958904,,0.0
2024-04-11,6.759,6.809,6.879,6.729,230280.04,167340.074,0.9391724137931036,,0.0
2024-04-12,6.809,6.6690000000000005,6.839,6.659,163465.0,117182.503,0.9379746835443038,,0.0
2024-04-15,6.679,6.839,6.909,6.619,254197.84,183913.052,0.9394230769230768,,0.0
2024-04-16,6.779,6.649,6.879,6.629,212922.65,153527.887,0.9377997179125528,,0.0
2024-04-17,6.7090000000000005,6.799,6.799,6.649,180501.36,129556.537,0.9390883977900552,,0.0
2024-04-18,6.779,6.899,6.979,6.7490000000000006,265812.0,194787.335,0.9399182561307902,,0.0
2024-04-19,6.869,6.869,6.929,6.839,161600.82,118355.928,0.939671682626539,,0.0
2024-04-22,6.869,6.849,6.939,6.819,162894.0,119027.749,0.9395061728395062,,0.0
2024-04-23,6.849,6.779,6.899,6.769,125314.0,91031.492,0.9389196675900278,,0.0
2024-04-24,6.789000000000001,6.819,6.829,6.7490000000000006,107105.0,77519.702,0.9392561983471076,,0.0
2024-04-25,6.779,6.789000000000001,6.839,6.7490000000000006,109159.0,78993.713,0.9390041493775934,,0.0
2024-04-26,6.969,7.179,7.219,6.869,486672.57,363699.66,0.9421259842519684,,0.0
2024-04-29,7.249,7.329,7.399,7.199,464369.83,360101.193,0.9432432432432432,,0.0
2024-04-30,7.269,7.219,7.329,7.179,240539.2,184645.128,0.9424281984334204,,0.0
2024-05-06,7.319,7.219,7.349,7.189,221235.0,170558.205,0.9424281984334204,,0.0
2024-05-07,7.189,7.1690000000000005,7.209,7.119,179571.36,136407.638,0.9420499342969776,,0.0
2024-05-08,7.139,7.039000000000001,7.159,7.039000000000001,176052.0,132364.322,0.9410427807486632,,0.0
2024-05-09,7.059,7.119,7.159,7.059,160871.83,121646.031,0.9416666666666668,,0.0
2024-05-10,7.129,7.139,7.179,7.069,157789.87,119444.349,0.941820580474934,,0.0
2024-05-13,7.119,7.129,7.199,7.039000000000001,170569.33,128893.445,0.9417437252311756,,0.0
2024-05-14,7.119,7.1690000000000005,7.179,7.079,173792.97,131478.652,0.9420499342969776,,0.0
2024-05-15,7.189,6.989,7.229,6.979,224339.0,168382.508,0.9406460296096903,,0.0
2024-05-16,7.029,6.979,7.069,6.9590000000000005,159062.0,118581.995,0.9405660377358492,,0.0
2024-05-17,6.969,7.089,7.099,6.949,157391.28,117530.102,0.9414342629482072,,0.0
2024-05-20,7.089,7.069,7.159,7.059,187526.94,141545.779,0.9412782956058589,,0.0
2024-05-21,7.049,7.019,7.089,6.9990000000000006,118468.97,88514.465,0.9408847184986596,,0.0
2024-05-22,7.019,7.039000000000001,7.059,6.989,133574.0,99782.832,0.9410427807486632,,0.0
2024-05-23,7.029,6.889,7.039000000000001,6.879,161230.63,118989.758,0.9398362892223738,,0.0
2024-05-24,6.869,6.809,6.909,6.809,113638.0,82971.852,0.9391724137931036,,0.0
2024-05-27,6.849,6.849,6.859,6.769,120455.0,87306.814,0.9395061728395062,,0.0
2024-05-28,6.829,6.759,6.849,6.7490000000000006,124075.83,89665.81,0.93875,,0.0
2024-05-29,6.739,6.779,6.839,6.739,94171.96,68088.706,0.9389196675900278,,0.0
2024-05-30,6.759,6.789000000000001,6.819,6.739,94705.5,68429.43,0.9390041493775934,,0.0
2024-05-31,6.809,6.809,6.859,6.789000000000001,110541.04,80234.667,0.9391724137931036,,0.0
2024-06-03,6.809,6.739,6.829,6.699,154341.93,110888.851,0.9385793871866296,,0.0
2024-06-04,6.739,6.789000000000001,6.789000000000001,6.719,104273.98,74996.016,0.9390041493775934,,0.0
2024-06-05,6.779,6.699,6.799,6.699,98334.0,70740.946,0.9382352941176472,,0.0
2024-06-06,6.719,6.569,6.739,6.559,197929.0,139722.478,0.9370898716119828,,0.0
2024-06-07,6.599,6.539000000000001,6.639,6.4190000000000005,198492.57,138746.658,0.9368194842406876,,0.0
2024-06-11,6.519,6.529,6.589,6.489,120372.6,84123.458,0.936728837876614,,0.0
2024-06-12,6.549,6.539000000000001,6.569,6.519,77601.52,54180.799,0.9368194842406876,,0.0
2024-06-13,6.539000000000001,6.469,6.549,6.4590000000000005,126183.67,87449.686,0.9361794500723588,,0.0
2024-06-14,6.469,6.619,6.639,6.429,202650.23,141595.369,0.9375354107648726,,0.0
2024-06-17,6.559,6.649,6.6690000000000005,6.529,128962.12,91115.362,0.9377997179125528,,0.0
2024-06-18,6.659,6.679,6.719,6.649,107758.28,76769.793,0.9380617977528092,,0.0
2024-06-19,6.7090000000000005,6.639,6.7090000000000005,6.639,76933.15,54686.608,0.9377118644067796,,0.0
2024-06-20,6.639,6.549,6.659,6.529,100596.78,70645.573,0.9369098712446352,,0.0
2024-06-21,6.559,6.569,6.629,6.539000000000001,93399.32,65590.958,0.9370898716119828,,0.0
2024-06-24,6.519,6.449,6.569,6.439,128740.16,89333.587,0.9359941944847604,,0.0
2024-06-25,6.429,6.369,6.489,6.329,131131.4,89799.316,0.9352422907488988,,0.0
2024-06-26,6.369,6.449,6.469,6.329,106027.04,72531.405,0.9359941944847604,,0.0
2024-06-27,6.429,6.369,6.449,6.359,93493.67,63973.972,0.9352422907488988,,0.0
2024-06-28,6.369,6.259,6.479,6.2490000000000006,169748.37,115717.024,0.934179104477612,,0.0
2024-07-01,6.259,6.299,6.329,6.149,122798.51,82218.079,0.9345697329376856,,0.0
2024-07-02,6.289000000000001,6.279,6.369,6.259,115860.47,78186.582,0.934375,,0.0
2024-07-03,6.289000000000001,6.309,6.359,6.259,96875.0,65522.441,0.9346666666666666,,0.0
2024-07-04,6.319,6.139,6.369,6.129,149805.69,99681.873,0.9329787234042554,,0.0
2024-07-05,6.119,6.1690000000000005,6.229,6.089,113762.0,75073.24,0.933282904689864,,0.0
2024-07-08,6.159,5.9590000000000005,6.159,5.929,151456.88,97816.288,0.93109375,,0.0
2024-07-09,5.9590000000000005,6.119,6.149,5.899,158168.3,102454.927,0.9327743902439024,,0.0
2024-07-10,6.109,6.119,6.239,6.079,107471.42,70901.244,0.9327743902439024,,0.0
2024-07-11,6.2090000000000005,6.199,6.279,6.159,146655.72,97627.537,0.9335843373493976,,0.0
2024-07-12,6.2090000000000005,6.179,6.229,6.159,98476.0,65264.217,0.9333836858006044,,0.0
2024-07-15,6.149,6.109,6.1690000000000005,6.089,90302.0,59273.953,0.9326717557251908,,0.0
2024-07-16,6.119,6.149,6.159,6.089,87279.98,57423.946,0.9330804248861913,,0.0
2024-07-17,6.149,6.1690000000000005,6.199,6.139,85041.94,56220.759,0.933282904689864,,0.0
2024-07-18,6.139,6.219,6.239,6.069,125101.45,82584.144,0.9337837837837838,,0.0
2024-07-19,6.189,6.259,6.279,6.1690000000000005,140947.18,94082.971,0.934179104477612,,0.0
2024-07-22,6.339,6.219,6.359,6.1690000000000005,177350.29,118441.5,0.9337837837837838,,0.0
2024-07-23,6.199,6.119,6.269,6.099,136992.0,90926.95,0.9327743902439024,,0.0
2024-07-24,6.109,6.069,6.149,6.059,114019.03,74565.862,0.932258064516129,,0.0
2024-07-25,6.039000000000001,6.159,6.199,6.029,136124.64,89586.252,0.9331818181818182,,0.0
2024-07-26,6.189,6.259,6.289000000000001,6.139,135007.4,90293.51,0.934179104477612,,0.0
2024-07-29,6.2490000000000006,6.229,6.299,6.2090000000000005,96624.79,64699.452,0.9338830584707648,,0.0
2024-07-30,6.219,6.259,6.289000000000001,6.199,103493.2,69309.621,0.934179104477612,,0.0
2024-07-31,6.279,6.589,6.639,6.269,343590.3,238665.836,0.9372688477951636,,0.0
2024-08-01,6.559,6.569,6.619,6.529,212531.0,149106.354,0.9370898716119828,,0.0
2024-08-02,6.539000000000001,6.399,6.589,6.379,170102.25,117610.892,0.9355263157894738,,0.0
2024-08-05,6.379,6.369,6.509,6.359,195488.35,134381.566,0.9352422907488988,,0.0
2024-08-06,6.464,6.404000000000001,6.514,6.344,137313.47,92426.824,0.9515601783060922,,0.0
2024-08-07,6.394,6.384,6.444,6.354,127834.17,85886.437,0.9514157973174368,,0.0
2024-08-08,6.394,6.494000000000001,6.614000000000001,6.364000000000001,206826.26,141035.407,0.952199413489736,,0.0
2024-08-09,6.504,6.424,6.574000000000001,6.404000000000001,131280.0,89511.107,0.9517037037037036,,0.0
2024-08-12,6.394,6.384,6.434,6.364000000000001,89956.0,60431.244,0.9514157973174368,,0.0
2024-08-13,6.394,6.454000000000001,6.474,6.354,97452.0,65727.334,0.9519174041297936,,0.0
2024-08-14,6.454000000000001,6.444,6.494000000000001,6.434,89300.58,60626.884,0.9518463810930576,,0.0
2024-08-15,6.434,6.514,6.574000000000001,6.424,134984.34,92275.053,0.9523391812865496,,0.0
2024-08-16,6.504,6.424,6.524,6.414000000000001,96706.0,65583.442,0.9517037037037036,,0.0
2024-08-19,6.424,6.464,6.514,6.404000000000001,81312.56,55229.107,0.9519882179675996,,0.0
2024-08-20,6.464,6.364000000000001,6.514,6.344,112585.0,75695.514,0.9512705530642752,,0.0
2024-08-21,6.354,6.364000000000001,6.424,6.314,82912.45,55540.506,0.9512705530642752,,0.0
2024-08-22,6.3740000000000006,6.184,6.404000000000001,6.184,128865.3,84853.871,0.9499231950844854,,0.0
2024-08-23,6.194,6.224,6.284000000000001,6.174,97836.3,64038.826,0.950229007633588,,0.0
2024-08-26,6.184,6.224,6.284000000000001,6.184,85768.58,56188.324,0.950229007633588,,0.0
2024-08-27,6.224,6.164000000000001,6.224,6.1240000000000006,74565.0,48403.1,0.949768875192604,,0.0
2024-08-28,6.144,6.174,6.224,6.144,69201.95,45017.435,0.949846153846154,,0.0
2024-08-29,6.174,6.224,6.314,6.154000000000001,124394.3,81816.183,0.950229007633588,,0.0
2024-08-30,6.234,6.424,6.494000000000001,6.204000000000001,248228.12,167170.898,0.9517037037037036,,0.0
2024-09-02,6.414000000000001,6.234,6.424,6.224,174701.0,115518.051,0.9503048780487804,,0.0
2024-09-03,6.234,6.274,6.3340000000000005,6.234,95928.28,63392.371,0.9506060606060608,,0.0
2024-09-04,6.234,6.304,6.364000000000001,6.224,100411.47,66564.488,0.9508295625942684,,0.0
2024-09-05,6.284000000000001,6.314,6.354,6.264,93453.0,61977.217,0.9509036144578312,,0.0
2024-09-06,6.444,6.344,6.474,6.314,231035.41,155150.832,0.9511244377811096,,0.0
2024-09-09,6.284000000000001,6.3740000000000006,6.454000000000001,6.244000000000001,156762.5,105246.49,0.9513432835820896,,0.0
2024-09-10,6.3740000000000006,6.304,6.394,6.194,141995.0,93686.854,0.9508295625942684,,0.0
2024-09-11,6.274,6.274,6.354,6.234,99039.0,65482.905,0.9506060606060608,,0.0
2024-09-12,6.284000000000001,6.594,6.934,6.264,862109.09,605210.364,0.9528901734104048,,0.0
2024-09-13,6.534000000000001,6.5440000000000005,6.664000000000001,6.454000000000001,750951.57,516251.253,0.95254730713246,,0.0
2024-09-18,6.474,6.514,6.564,6.394,403926.4,274513.629,0.9523391812865496,,0.0
2024-09-19,6.524,6.574000000000001,6.644,6.404000000000001,480491.74,329661.817,0.9527536231884058,,0.0
2024-09-20,6.514,6.5440000000000005,6.5440000000000005,6.444,311047.13,212168.986,0.95254730713246,,0.0
2024-09-23,6.534000000000001,6.494000000000001,6.564,6.464,252725.65,172757.533,0.952199413489736,,0.0
2024-09-24,6.634,6.924,6.974,6.474,865290.56,612170.008,0.9550344827586208,,0.0
2024-09-25,7.004,6.984,7.244000000000001,6.974,1018591.64,756310.92,0.955403556771546,,0.0
2024-09-26,6.914000000000001,7.314,7.324000000000001,6.894,790252.2,590154.268,0.9573298429319372,,0.0
2024-09-27,7.514,8.024,8.033999999999999,7.354,1250550.15,996309.918,0.9609580838323352,,0.0
2024-09-30,8.623999999999999,8.863999999999999,8.863999999999999,8.324,1660124.13,1492915.154,0.9645266594124048,,0.0
2024-10-08,9.784,9.784,9.784,9.084,1528264.66,1523761.124,0.9677546983184964,,0.0
2024-10-09,9.564,8.774,9.734,8.774,1683465.69,1596643.826,0.964175824175824,,0.0
2024-10-10,8.814,8.274,8.953999999999999,8.154,1112967.91,972526.198,0.962093023255814,,0.0
2024-10-11,8.164,8.064,8.324,7.974000000000001,699210.34,593515.07,0.9611442193087008,,0.0
2024-10-14,8.094,8.094,8.134,7.704,674707.17,557872.395,0.9612826603325416,,0.0
2024-10-15,8.004,7.854,8.123999999999999,7.824000000000001,490809.02,408529.715,0.9601466992665038,,0.0
2024-10-16,7.754,7.904000000000001,8.064,7.734000000000001,448811.09,369106.703,0.9603888213851762,,0.0
2024-10-17,7.934,7.774,8.033999999999999,7.764,385355.0,316897.672,0.9597530864197532,,0.0
2024-10-18,7.774,8.123999999999999,8.463999999999999,7.744000000000001,879574.35,738449.056,0.9614201183431952,,0.0
2024-10-21,8.054,7.984000000000001,8.074,7.934,566474.4,471990.623,0.9607701564380264,,0.0
2024-10-22,7.984000000000001,8.024,8.064,7.944,372196.14,309662.674,0.9609580838323352,,0.0
2024-10-23,8.064,8.014,8.203999999999999,7.974000000000001,486722.0,409118.549,0.9609112709832134,,0.0
2024-10-24,7.974000000000001,8.033999999999999,8.064,7.954,307345.61,256209.679,0.9610047846889952,,0.0
2024-10-25,8.193999999999999,8.244,8.414,8.123999999999999,652486.19,558824.513,0.96196032672112,,0.0
2024-10-28,8.174,8.234,8.264,8.164,427511.78,364666.184,0.9619158878504672,,0.0
2024-10-29,8.274,8.094,8.363999999999999,8.064,439287.73,374885.206,0.9612826603325416,,0.0
2024-10-30,8.054,8.094,8.224,8.024,322576.11,271990.371,0.9612826603325416,,0.0
2024-10-31,8.074,8.224,8.414,8.043999999999999,662661.28,569715.852,0.9618713450292397,,0.0
2024-11-01,8.314,8.264,8.514,8.193999999999999,732613.54,634448.218,0.9620488940628638,,0.0
2024-11-04,8.293999999999999,8.494,8.504,8.264,643310.31,561498.275,0.9630385487528343,,0.0
2024-11-05,8.504,8.814,8.914,8.384,933108.78,844853.408,0.9643326039387308,,0.0
2024-11-06,8.873999999999999,8.674,8.994,8.623999999999999,909728.29,830301.017,0.9637777777777776,,0.0
2024-11-07,8.533999999999999,9.144,9.274,8.533999999999999,1127404.19,1041172.222,0.9655755015839492,,0.0
2024-11-08,9.274,8.934,9.314,8.894,865560.46,813072.143,0.9647948164146868,,0.0
2024-11-11,8.854,8.884,8.904,8.734,560228.69,512821.223,0.9646036916395222,,0.0
2024-11-12,8.904,8.684,8.943999999999999,8.594,551323.9,502268.904,0.9638179800221977,,0.0
2024-11-13,8.613999999999999,8.693999999999999,8.734,8.564,348570.02,313036.168,0.9638580931263856,,0.0
2024-11-14,8.654,8.554,8.724,8.524,333167.8,298153.154,0.9632882882882884,,0.0
2024-11-15,8.543999999999999,8.283999999999999,8.604,8.264,403258.13,353890.084,0.962137049941928,,0.0
2024-11-18,8.314,8.213999999999999,8.404,8.154,388867.07,334172.185,0.9618266978922716,,0.0
2024-11-19,8.244,8.293999999999999,8.314,8.123999999999999,318161.79,272292.129,0.962180974477958,,0.0
2024-11-20,8.224,8.274,8.324,8.203999999999999,317402.79,272503.917,0.962093023255814,,0.0
2024-11-21,8.234,8.274,8.324,8.193999999999999,389154.46,333888.07,0.962093023255814,,0.0
2024-11-22,8.234,7.884000000000001,8.264,7.854,457946.0,384104.799,0.9602923264311816,,0.0
2024-11-25,7.924,7.924,7.944,7.774,302660.49,247787.082,0.9604848484848484,,0.0
2024-11-26,7.904000000000001,7.904000000000001,8.033999999999999,7.884000000000001,233817.39,193549.117,0.9603888213851762,,0.0
2024-11-27,7.884000000000001,8.054,8.054,7.814000000000001,311036.8,257170.58,0.9610978520286396,,0.0
2024-11-28,8.074,8.314,8.584,8.024,851880.54,737685.244,0.9622685185185184,,0.0
2024-11-29,8.293999999999999,8.404,8.654,8.164,892564.73,778050.965,0.9626575028636885,,0.0
2024-12-02,8.283999999999999,8.414,8.453999999999999,8.234,557246.72,485420.813,0.962700228832952,,0.0
2024-12-03,8.394,8.363999999999999,8.424,8.244,395103.3,341593.966,0.9624856156501724,,0.0
2024-12-04,8.324,8.244,8.384,8.174,315764.0,271857.128,0.96196032672112,,0.0
2024-12-05,8.213999999999999,8.304,8.354,8.193999999999999,261980.3,225784.09,0.9622247972190034,,0.0
2024-12-06,8.314,8.404,8.504,8.254,404447.13,353033.025,0.9626575028636885,,0.0
2024-12-09,8.363999999999999,8.314,8.414,8.234,281755.32,243866.382,0.9622685185185184,,0.0
2024-12-10,8.724,8.373999999999999,8.724,8.354,572475.83,506262.892,0.962528735632184,,0.0
2024-12-11,8.373999999999999,8.384,8.424,8.334,273898.0,238564.067,0.9625717566016072,,0.0
2024-12-12,8.384,8.524,8.594,8.354,412583.49,363028.543,0.9631638418079096,,0.0
2024-12-13,8.443999999999999,8.304,8.453999999999999,8.293999999999999,363680.68,315914.658,0.9622247972190034,,0.0
2024-12-16,8.314,8.264,8.354,8.213999999999999,227206.78,195431.454,0.9620488940628638,,0.0
2024-12-17,8.224,8.193999999999999,8.283999999999999,8.164,223257.99,190690.768,0.9617370892018778,,0.0
2024-12-18,8.193999999999999,8.174,8.244,8.164,172029.0,146743.751,0.9616470588235292,,0.0
2024-12-19,8.084,8.144,8.164,8.033999999999999,194158.76,163532.672,0.9615112160566706,,0.0
2024-12-20,8.142,8.192,8.241999999999999,8.142,181308.0,153766.761,0.9660377358490566,,0.0
2024-12-23,8.161999999999999,8.042,8.241999999999999,8.022,204704.08,172004.753,0.9654261704681872,,0.0
2024-12-24,8.072,8.232,8.232,8.062,205153.28,173288.572,0.9661971830985916,,0.0
2024-12-25,8.222,8.161999999999999,8.241999999999999,8.062,184490.0,155624.809,0.9659171597633136,,0.0
2024-12-26,8.122,8.172,8.232,8.122,127888.0,108338.64,0.9659574468085106,,0.0
2024-12-27,8.192,8.212,8.382,8.182,278619.68,238472.079,0.9661176470588236,,0.0
2024-12-30,8.212,8.282,8.292,8.202,188581.69,161175.738,0.966394399066511,,0.0
2024-12-31,8.262,7.911999999999999,8.302,7.901999999999999,409481.47,341918.011,0.9648780487804878,,0.0
2025-01-02,7.891999999999999,7.561999999999999,7.911999999999999,7.492,411031.64,328629.466,0.963312101910828,,0.0
2025-01-03,7.612,7.382,7.641999999999999,7.362,286039.75,222283.641,0.96245110821382,,0.0
2025-01-06,7.332,7.362,7.431999999999999,7.302,208461.23,159433.775,0.9623529411764704,,0.0
2025-01-07,7.382,7.442,7.442,7.351999999999999,180393.57,138740.985,0.9627425614489004,,0.0
2025-01-08,7.391999999999999,7.362,7.422,7.142,302679.41,228923.166,0.9623529411764704,,0.0
2025-01-09,7.332,7.322,7.391999999999999,7.311999999999999,156687.0,119722.74,0.96215505913272,,0.0
2025-01-10,7.332,7.242,7.402,7.231999999999999,180061.06,137283.057,0.9617529880478088,,0.0
2025-01-13,7.132,7.252,7.271999999999999,7.112,171060.92,128278.069,0.9618037135278514,,0.0
2025-01-14,7.252,7.471999999999999,7.502,7.252,286222.21,220248.453,0.9628865979381444,,0.0
2025-01-15,7.452,7.462,7.481999999999999,7.402,188402.81,145739.404,0.9628387096774194,,0.0
2025-01-16,7.492,7.462,7.592,7.391999999999999,181765.91,141386.999,0.9628387096774194,,0.0
2025-01-17,7.431999999999999,7.471999999999999,7.521999999999999,7.412,148460.46,115206.893,0.9628865979381444,,0.0
2025-01-20,7.532,7.532,7.592,7.492,180788.07,141684.996,0.9631713554987212,,0.0
2025-01-21,7.572,7.512,7.592,7.442,122468.06,95480.873,0.963076923076923,,0.0
2025-01-22,7.481999999999999,7.492,7.521999999999999,7.422,122540.87,95009.874,0.962982005141388,,0.0
2025-01-23,7.612,7.572,7.762,7.572,348614.03,277723.745,0.9633587786259542,,0.0
2025-01-24,7.582,7.641999999999999,7.681999999999999,7.552,184559.73,146266.656,0.9636822194199244,,0.0
2025-01-27,7.702,7.452,7.712,7.442,202227.0,158414.853,0.9627906976744186,,0.0
2025-02-05,7.521999999999999,7.452,7.532,7.431999999999999,160524.2,124653.292,0.9627906976744186,,0.0
2025-02-06,7.431999999999999,7.552,7.582,7.412,199202.44,155331.634,0.963265306122449,,0.0
2025-02-07,7.572,7.731999999999999,7.842,7.532,341401.28,273160.333,0.9640897755610972,,0.0
2025-02-10,7.741999999999999,7.721999999999999,7.811999999999999,7.692,222497.53,178709.282,0.9640449438202248,,0.0
2025-02-11,7.731999999999999,7.681999999999999,7.741999999999999,7.601999999999999,197857.5,156998.156,0.9638644918444166,,0.0
2025-02-12,7.672,7.792,7.811999999999999,7.641999999999999,206220.85,164880.342,0.9643564356435644,,0.0
2025-02-13,7.772,7.721999999999999,7.831999999999999,7.702,220211.0,177016.069,0.9640449438202248,,0.0
2025-02-14,7.702,7.772,7.772,7.692,192123.17,154175.88,0.9642679900744416,,0.0
2025-02-17,7.872,7.792,7.891999999999999,7.751999999999999,250812.0,202942.081,0.9643564356435644,,0.0
2025-02-18,7.751999999999999,7.592,7.772,7.572,240813.38,191651.346,0.963451776649746,,0.0
2025-02-19,7.592,7.652,7.692,7.552,277167.37,219302.278,0.963727959697733,,0.0
2025-02-20,7.641999999999999,7.612,7.662,7.572,176255.04,139377.514,0.9635443037974684,,0.0
2025-02-21,7.632,8.402,8.402,7.622,2091283.68,1779314.853,0.9668584579976984,,0.0
2025-02-24,8.592,8.241999999999999,8.712,8.142,1867779.73,1617152.158,0.9662368112543962,,0.0
2025-02-25,8.112,8.072,8.232,8.022,825488.95,693637.871,0.9655502392344496,,0.0
2025-02-26,8.092,8.192,8.232,8.001999999999999,963166.12,807776.759,0.9660377358490566,,0.0
2025-02-27,8.092,8.032,8.112,7.891999999999999,939495.26,778882.348,0.9653846153846154,,0.0
2025-02-28,7.981999999999999,7.831999999999999,8.352,7.821999999999999,930171.63,777801.582,0.9645320197044336,,0.0
2025-03-03,7.911999999999999,7.852,8.032,7.792,555177.78,453890.048,0.9646191646191646,,0.0
2025-03-04,7.821999999999999,7.882,7.891999999999999,7.772,378998.59,308285.862,0.964749082007344,,0.0
2025-03-05,7.842,7.831999999999999,7.872,7.731999999999999,462506.41,374368.549,0.9645320197044336,,0.0
2025-03-06,7.911999999999999,8.001999999999999,8.022,7.852,632414.66,521678.271,0.9652593486127864,,0.0
2025-03-07,7.942,7.862,7.962,7.842,447524.78,366402.524,0.9646625766871164,,0.0
2025-03-10,7.872,8.052,8.122,7.852,707109.69,588560.33,0.9654676258992806,,0.0
2025-03-11,7.882,8.042,8.052,7.882,403618.9,333540.359,0.9654261704681872,,0.0
2025-03-12,8.062,8.081999999999999,8.212,8.012,591522.69,496298.113,0.9655913978494624,,0.0
2025-03-13,8.042,8.012,8.142,7.932,430128.31,356981.817,0.9653012048192772,,0.0
2025-03-14,8.072,8.342,8.562,8.072,1384872.05,1195806.014,0.966628041714948,,0.0
2025-03-17,8.302,8.192,8.342,8.172,634764.69,540949.203,0.9660377358490566,,0.0
2025-03-18,8.251999999999999,8.212,8.282,8.152,351732.66,298280.883,0.9661176470588236,,0.0
2025-03-19,8.202,8.202,8.272,8.161999999999999,322580.12,273995.694,0.9660777385159012,,0.0
2025-03-20,8.212,8.132,8.212,8.102,285883.23,241322.776,0.9657957244655582,,0.0
2025-03-21,8.102,7.991999999999999,8.152,7.962,366663.68,305498.592,0.9652173913043478,,0.0
2025-03-24,7.971999999999999,8.001999999999999,8.001999999999999,7.872,334341.0,275011.124,0.9652593486127864,,0.0
2025-03-25,7.981999999999999,7.952,7.991999999999999,7.922000000000001,203084.86,167257.511,0.9650485436893204,,0.0
2025-03-26,7.932,7.942,7.991999999999999,7.922000000000001,195479.91,161130.494,0.9650060753341434,,0.0
2025-03-27,7.922000000000001,7.911999999999999,8.022,7.852,230619.28,189661.999,0.9648780487804878,,0.0
2025-03-28,7.932,7.942,7.981999999999999,7.891999999999999,219075.5,180154.075,0.9650060753341434,,0.0
2025-03-31,7.911999999999999,7.772,7.932,7.721999999999999,292179.16,236486.256,0.9642679900744416,,0.0
2025-04-01,7.802,7.782,7.842,7.762,154911.0,125190.303,0.9643122676579924,,0.0
2025-04-02,7.792,7.872,7.891999999999999,7.772,223075.51,181771.959,0.9647058823529412,,0.0
2025-04-03,7.821999999999999,7.882,7.932,7.792,206012.22,168371.796,0.964749082007344,,0.0
2025-04-07,7.561999999999999,7.061999999999999,7.572,7.061999999999999,501090.0,377340.841,0.9608163265306122,,0.0
2025-04-08,7.112,7.101999999999999,7.152,6.981999999999999,399718.65,293984.59,0.9610284167794316,,0.0
2025-04-09,7.012,7.212,7.262,6.862,435996.27,321872.703,0.9616,,0.0
2025-04-10,7.302,7.311999999999999,7.391999999999999,7.221999999999999,350260.63,266833.711,0.9621052631578948,,0.0
2025-04-11,7.242,7.292,7.372,7.231999999999999,217040.5,164514.574,0.9620052770448548,,0.0
2025-04-14,7.351999999999999,7.351999999999999,7.382,7.311999999999999,206010.0,157245.581,0.962303664921466,,0.0
2025-04-15,7.332,7.322,7.332,7.292,121599.0,92400.079,0.96215505913272,,0.0
2025-04-16,7.311999999999999,7.271999999999999,7.322,7.182,188450.62,142108.604,0.9619047619047618,,0.0
2025-04-17,7.242,7.252,7.311999999999999,7.231999999999999,135455.11,102390.907,0.9618037135278514,,0.0
2025-04-18,7.252,7.282,7.322,7.221999999999999,135756.12,102573.111,0.9619550858652576,,0.0
2025-04-21,7.271999999999999,7.311999999999999,7.322,7.231999999999999,128556.0,97516.409,0.9621052631578948,,0.0
2025-04-22,7.311999999999999,7.311999999999999,7.351999999999999,7.292,169594.2,128995.525,0.9621052631578948,,0.0
2025-04-23,7.332,7.311999999999999,7.382,7.292,163262.02,124315.327,0.9621052631578948,,0.0
2025-04-24,7.302,7.262,7.342,7.242,157005.33,119004.269,0.9618543046357616,,0.0
2025-04-25,7.282,7.342,7.372,7.262,213199.13,162470.858,0.962254259501966,,0.0
2025-04-28,7.342,7.292,7.351999999999999,7.221999999999999,166153.0,125672.905,0.9620052770448548,,0.0
2025-04-29,7.431999999999999,7.512,7.582,7.391999999999999,513785.1,400705.248,0.963076923076923,,0.0
2025-04-30,7.552,7.442,7.572,7.442,208223.95,162121.764,0.9627425614489004,,0.0
2025-05-06,7.512,7.622,7.641999999999999,7.492,260367.18,204979.012,0.963590391908976,,0.0
2025-05-07,7.792,7.662,7.862,7.662,315727.96,252737.352,0.9637735849056605,,0.0
2025-05-08,7.652,7.622,7.712,7.612,210638.67,167334.262,0.963590391908976,,0.0
2025-05-09,7.622,7.552,7.652,7.512,176756.91,138516.25,0.963265306122449,,0.0
2025-05-12,7.592,7.692,7.712,7.561999999999999,207029.36,164327.197,0.9639097744360902,,0.0
2025-05-13,7.762,7.681999999999999,7.802,7.652,169926.0,135797.713,0.9638644918444166,,0.0
2025-05-14,7.662,7.872,8.012,7.622,520304.19,421986.285,0.9647058823529412,,0.0
2025-05-15,7.821999999999999,7.762,7.882,7.751999999999999,243109.76,196770.289,0.964223602484472,,0.0
2025-05-16,7.741999999999999,7.662,7.782,7.652,186797.46,149048.904,0.9637735849056605,,0.0
2025-05-19,7.672,7.681999999999999,7.702,7.622,128013.0,101735.949,0.9638644918444166,,0.0
2025-05-20,7.731999999999999,7.772,7.891999999999999,7.721999999999999,300723.72,242959.567,0.9642679900744416,,0.0
2025-05-21,7.721999999999999,7.731999999999999,7.782,7.721999999999999,169584.41,136245.813,0.9640897755610972,,0.0
2025-05-22,7.712,7.652,7.721999999999999,7.641999999999999,137115.6,109225.438,0.963727959697733,,0.0
2025-05-23,7.652,7.552,7.692,7.542,175076.0,138355.803,0.963265306122449,,0.0
2025-05-26,7.552,7.561999999999999,7.592,7.532,98630.97,77393.167,0.963312101910828,,0.0
2025-05-27,7.572,7.662,7.692,7.521999999999999,175317.35,138683.022,0.9637735849056605,,0.0
2025-05-28,7.652,7.612,7.681999999999999,7.601999999999999,93109.19,73736.452,0.9635443037974684,,0.0
2025-05-29,7.632,7.741999999999999,7.762,7.622,193699.04,155218.433,0.9641344956413448,,0.0
2025-05-30,7.712,7.731999999999999,7.731999999999999,7.662,157560.0,125894.499,0.9640897755610972,,0.0
2025-06-03,7.702,7.741999999999999,7.782,7.641999999999999,161403.81,129337.597,0.9641344956413448,,0.0
2025-06-04,7.731999999999999,7.811999999999999,7.831999999999999,7.721999999999999,211718.26,171015.321,0.9644444444444444,,0.0
2025-06-05,7.792,7.831999999999999,7.862,7.782,194190.86,157427.06,0.9645320197044336,,0.0
2025-06-06,7.831999999999999,7.792,7.862,7.772,152255.16,123259.565,0.9643564356435644,,0.0
2025-06-09,7.852,7.922000000000001,7.991999999999999,7.842,341588.18,280773.739,0.9649208282582216,,0.0
2025-06-10,7.922000000000001,7.821999999999999,7.932,7.762,208989.99,170228.697,0.9644882860665844,,0.0
2025-06-11,7.852,7.911999999999999,8.012,7.821999999999999,275618.35,226637.726,0.9648780487804878,,0.0
2025-06-12,7.882,7.891999999999999,7.962,7.862,175042.5,143518.68,0.9647921760391198,,0.0
2025-06-13,7.862,7.772,7.891999999999999,7.772,251778.94,203923.02,0.9642679900744416,,0.0
2025-06-16,7.782,7.872,7.882,7.762,179556.98,145735.353,0.9647058823529412,,0.0
2025-06-17,7.872,7.901999999999999,7.901999999999999,7.842,147007.0,120034.128,0.9648351648351648,,0.0
2025-06-18,7.872,7.802,7.901999999999999,7.751999999999999,168284.0,136120.608,0.9644004944375772,,0.0
2025-06-19,7.792,7.692,7.821999999999999,7.641999999999999,200015.56,159801.767,0.9639097744360902,,0.0
2025-06-20,7.702,7.692,7.741999999999999,7.672,132299.46,105699.336,0.9639097744360902,,0.0
2025-06-23,7.652,7.821999999999999,7.842,7.622,243506.91,196483.42,0.9644882860665844,,0.0
2025-06-24,7.852,7.981999999999999,8.032,7.821999999999999,364163.54,300609.64,0.9651753325272068,,0.0
2025-06-25,8.001999999999999,8.241999999999999,8.262,7.971999999999999,683783.45,576573.677,0.9662368112543962,,0.0
2025-06-26,8.251999999999999,8.172,8.272,8.122,385630.19,326639.136,0.9659574468085106,,0.0
2025-06-27,8.182,8.142,8.362,8.112,422374.77,359732.97,0.9658362989323844,,0.0
2025-06-30,8.152,8.092,8.152,8.022,295098.0,247243.428,0.9656324582338902,,0.0
2025-07-01,8.112,8.132,8.132,8.032,221141.66,184913.78,0.9657957244655582,,0.0
2025-07-02,8.102,8.092,8.152,8.062,198974.81,166834.536,0.9656324582338902,,0.0
2025-07-03,8.112,8.112,8.161999999999999,8.072,204646.34,172035.037,0.9657142857142856,,0.0
2025-07-04,8.112,8.092,8.202,8.052,244637.0,205902.279,0.9656324582338902,,0.0
2025-07-07,8.062,8.122,8.142,8.042,141134.54,118523.34,0.9657550535077288,,0.0
2025-07-08,8.102,8.182,8.212,8.092,254368.65,214977.225,0.9659976387249114,,0.0
2025-07-09,8.202,8.222,8.272,8.192,304406.23,259546.135,0.9661574618096356,,0.0
2025-07-10,8.182,8.372,8.432,8.172,403139.55,348183.796,0.966743648960739,,0.0
2025-07-11,8.432,8.532,8.692,8.352,676784.64,598955.732,0.96734693877551,,0.0
2025-07-14,8.772,8.581999999999999,8.802,8.581999999999999,638105.14,570544.818,0.9675310033821872,,0.0
2025-07-15,8.602,8.542,8.682,8.482,399054.73,352798.415,0.967383918459796,,0.0
2025-07-16,8.532,8.542,8.592,8.462,269310.97,237137.935,0.967383918459796,,0.0
2025-07-17,8.532,8.542,8.581999999999999,8.482,208495.34,183929.582,0.967383918459796,,0.0
2025-07-18,8.581999999999999,8.532,8.592,8.491999999999999,231906.16,204751.36,0.96734693877551,,0.0
2025-07-21,8.532,8.642,8.682,8.491999999999999,383676.55,341770.348,0.9677491601343784,,0.0
2025-07-22,8.644,8.754,8.764000000000001,8.584,388637.89,345094.841,0.978100558659218,,0.0
2025-07-23,8.804,8.734,8.934000000000001,8.724,577882.93,520903.828,0.9780515117581188,,0.0
2025-07-24,8.714,8.974,9.024,8.674,608471.5,553606.99,0.9786259541984732,,0.0
2025-07-25,9.034,8.984,9.054,8.914,408242.87,374641.509,0.9786492374727668,,0.0
2025-07-28,8.994,9.024,9.164,8.884,382413.72,353185.567,0.9787418655097614,,0.0
2025-07-29,8.974,8.944,9.004,8.814,360507.17,327593.921,0.9785557986870898,,0.0
2025-07-30,8.944,8.844,8.994,8.784,360949.8,328200.021,0.9783185840707964,,0.0
2025-07-31,8.804,8.624,8.864,8.574,367762.0,327472.574,0.977777777777778,,0.0
2025-08-01,8.654,8.614,8.704,8.584,224318.9,198210.125,0.9777525539160046,,0.0
2025-08-04,8.584,8.624,8.634,8.544,227473.57,199811.584,0.977777777777778,,0.0
2025-08-05,8.684000000000001,8.704,8.754,8.634,277724.97,246538.835,0.9779775280898876,,0.0
2025-08-06,8.664,8.724,8.734,8.644,228722.25,203265.518,0.9780269058295964,,0.0
2025-08-07,8.734,8.764000000000001,8.814,8.684000000000001,237236.22,212281.132,0.978125,,0.0
2025-08-08,8.714,8.674,8.754,8.654,200011.0,177985.168,0.977903043968433,,0.0
2025-08-11,8.734,8.804,8.884,8.724,346143.78,311519.238,0.9782222222222222,,0.0
2025-08-12,8.804,8.854000000000001,8.884,8.754,296266.52,267259.527,0.9783425414364642,,0.0
2025-08-13,8.874,9.764,9.764,8.754,1106476.56,1062727.158,0.9803212851405624,,0.0
2025-08-14,9.994,10.764,10.764,9.914,4408917.39,4737574.957,0.982116788321168,,0.0
2025-08-15,10.804,11.864,11.864,10.534,2665907.97,3083291.866,0.9837479270315092,,0.0
2025-08-18,12.844,13.074,13.074,12.374,2503835.07,3265099.271,0.9852298417483044,,0.0
2025-08-19,13.524,13.584,13.874,12.504,5422647.05,7272030.511,0.9857764876632802,,0.0
2025-08-20,13.334,12.604,13.574,12.244,3881319.62,5022619.742,0.9846875,,0.0
2025-08-21,12.704,11.754,12.834,11.744,2953990.83,3620281.703,0.9835983263598328,,0.0
2025-08-22,11.694,12.044,12.264,11.694,2556375.56,3128386.945,0.9839869281045752,,0.0
2025-08-25,12.064,12.014,12.264,11.814,2740192.08,3339858.121,0.983947583947584,,0.0
2025-08-26,11.984,11.884,12.154,11.874,1718456.72,2088920.203,0.983774834437086,,0.0
2025-08-27,11.904,11.674,12.094,11.674,1757563.16,2128295.545,0.9834877843302444,,0.0
2025-08-28,11.664,12.154,12.254,11.494,2336415.98,2830934.213,0.9841295546558704,,0.0
2025-08-29,12.164,12.034,12.284,11.944,1632658.18,2008695.674,0.9839738348323794,,0.0
2025-09-01,11.974,11.874,12.004,11.764,1234571.51,1487334.762,0.983761391880696,,0.0
2025-09-02,11.864,12.184,12.604,11.704,2822586.9,3522974.261,0.9841680129240712,,0.0
2025-09-03,12.314,12.004,12.734,11.784,2845252.89,3570467.596,0.9839344262295082,,0.0
2025-09-04,11.624,11.584,11.984,11.474,1901874.06,2263516.308,0.9833616298811544,,0.0
2025-09-05,11.634,11.544,11.724,11.124,1408066.44,1637420.654,0.9833049403747872,,0.0
2025-09-08,11.514,11.314,11.574,11.184,1124173.81,1296706.01,0.982971329278888,,0.0
2025-09-09,11.324,11.164,11.364,11.124,779027.23,890666.446,0.9827464788732394,,0.0
2025-09-10,11.124,11.224,11.354,11.124,612286.98,699673.392,0.9828371278458844,,0.0
2025-09-11,11.154,11.544,11.574,11.134,1093594.63,1267753.896,0.9833049403747872,,0.0
2025-09-12,11.434,11.374,11.584,11.364,828170.47,965732.528,0.9830596369922212,,0.0
2025-09-15,11.384,11.404,11.484,11.354,589978.24,684657.548,0.983103448275862,,0.0
2025-09-16,11.454,11.694,11.924,11.424,1318940.98,1572648.695,0.983515559293524,,0.0
2025-09-17,11.654,12.344,12.554,11.614,2068749.63,2559489.876,0.9843700159489632,,0.0
2025-09-18,12.224,11.574,12.224,11.404,1928091.39,2303001.42,0.9833474936278674,,0.0
2025-09-19,11.404,11.184,11.454,11.164,1056447.34,1209813.16,0.9827768014059756,,0.0
2025-09-22,11.174,11.344,11.354,11.064,681767.03,776613.573,0.9830155979202774,,0.0
2025-09-23,11.154,11.024,11.194,10.834,847651.51,944943.889,0.9825311942959002,,0.0
2025-09-24,10.914,11.034,11.134,10.894,603102.69,674779.649,0.982546749777382,,0.0
2025-09-25,11.004,10.934,11.074,10.934,475402.93,531428.84,0.9823899371069182,,0.0
2025-09-26,10.934,10.814,11.004,10.804,479795.87,531998.174,0.9821980018165304,,0.0
2025-09-29,10.784,11.304,11.664,10.754,1411876.66,1615474.91,0.9829565217391304,,0.0
2025-09-30,11.294,11.414,11.464,11.204,989437.25,1144526.797,0.983118001722653,,0.0
2025-10-09,11.274,11.524,11.554,11.194,832375.35,965069.006,0.9832764505119456,,0.0
2025-10-10,11.474,11.454,11.634,11.414,701015.54,820865.906,0.983175965665236,,0.0
2025-10-13,11.104,11.374,11.404,11.044,596516.53,681277.776,0.9830596369922212,,0.0
2025-10-14,11.344,11.144,11.554,11.064,612867.48,704044.242,0.982716049382716,,0.0
2025-10-15,11.174,11.244,11.264,11.004,506136.44,573543.797,0.9828671328671328,,0.0
2025-10-16,11.164,11.154,11.244,11.074,374787.52,425133.482,0.9827312775330396,,0.0
2025-10-17,11.104,10.854,11.284,10.844,469495.56,527327.293,0.982262443438914,,0.0
2025-10-20,11.004,10.934,11.014,10.874,327893.93,364862.144,0.9823899371069182,,0.0
2025-10-21,10.934,11.044,11.164,10.904,429329.32,482061.79,0.9825622775800712,,0.0
2025-10-22,10.934,11.064,11.124,10.904,316618.85,354947.165,0.9825932504440498,,0.0
2025-10-23,11.154,11.134,11.254,10.904,507478.65,570933.775,0.9827007943512798,,0.0
2025-10-24,11.104,11.484,11.494,11.064,932835.2,1076687.221,0.9832191780821918,,0.0
2025-10-27,11.604,11.674,11.884,11.464,1132454.68,1340967.836,0.9834877843302444,,0.0
2025-10-28,11.304,11.214,11.404,11.164,963737.1,1102244.383,0.9828220858895704,,0.0
2025-10-29,11.164,11.284,11.434,11.104,764606.05,875969.373,0.9829268292682928,,0.0
2025-10-30,11.284,10.904,11.284,10.904,834961.82,936387.352,0.9823423423423424,,0.0
2025-10-31,10.914,10.854,10.984,10.854,432945.89,480199.826,0.982262443438914,,0.0
2025-11-03,10.834,10.724,10.844,10.584,446734.63,485682.093,0.982051282051282,,0.0
2025-11-04,10.674,10.644,10.744,10.594,280325.89,304062.841,0.981918819188192,,0.0
2025-11-05,10.524,10.594,10.684,10.514,260301.1,281664.54,0.981835032437442,,0.0
2025-11-06,10.624,10.614,10.704,10.584,336328.01,364177.206,0.9818686401480112,,0.0
2025-11-07,10.524,10.404,10.564,10.394,400998.56,427599.51,0.9815094339622642,,0.0
2025-11-10,10.364,10.484,10.524,10.354,310273.04,329565.457,0.9816479400749064,,0.0
2025-11-11,10.484,10.334,10.494,10.314,309230.53,327077.871,0.981386514719848,,0.0
2025-11-12,10.384,10.484,10.654,10.354,631591.03,678078.255,0.9816479400749064,,0.0
2025-11-13,10.374,10.494,10.524,10.254,476088.6,502850.261,0.981665107577175,,0.0
2025-11-14,10.364,10.234,10.434,10.234,315099.0,332392.938,0.9812080536912752,,0.0
2025-11-17,10.234,10.194,10.274,10.154,239540.25,249297.476,0.981135707410972,,0.0
2025-11-18,10.174,10.204,10.254,10.164,222123.98,231058.365,0.9811538461538462,,0.0
2025-11-19,10.184,10.134,10.234,10.064,307480.99,317506.448,0.981026137463698,,0.0
2025-11-20,10.314,10.114,10.434,10.104,325999.22,339923.69,0.9809893307468478,,0.0
2025-11-21,10.004,9.794,10.104,9.774,417550.25,421291.363,0.9803803803803804,,0.0
2025-11-24,9.824,9.824,9.904,9.784,226782.73,227604.239,0.9804391217564872,,0.0
2025-11-25,9.854,9.854,9.924,9.834,212244.65,213719.934,0.980497512437811,,0.0
2025-11-26,9.854,9.844,9.904,9.824,167145.83,168207.77,0.9804780876494024,,0.0
2025-11-27,9.844,9.854,9.944,9.824,178832.87,180335.929,0.980497512437811,,0.0
2025-11-28,9.854,9.904,9.904,9.814,173405.04,174486.124,0.9805940594059406,,0.0
2025-12-01,9.914,9.964,9.964,9.884,203232.44,205687.063,0.9807086614173228,,0.0
2025-12-02,9.924,9.804,9.944,9.794,220076.17,220643.447,0.9804,,0.0
2025-12-03,9.814,9.694,9.854,9.654,248759.5,246973.608,0.9801820020222448,,0.0
2025-12-04,9.694,10.044,10.294,9.674,793073.44,810011.891,0.980859375,,0.0
2025-12-05,10.004,10.264,10.334,9.954,758519.96,786159.756,0.981261950286807,,0.0
2025-12-08,10.424,10.244,10.544,10.234,829598.77,876779.503,0.9812260536398468,,0.0
2025-12-09,10.124,10.034,10.174,10.004,378415.21,389180.071,0.9808406647116324,,0.0
2025-12-10,10.024,10.064,10.144,9.974,294982.61,302502.504,0.980896686159844,,0.0
2025-12-11,10.074,9.844,10.104,9.834,371303.69,376248.618,0.9804780876494024,,0.0
2025-12-12,9.844,9.914,10.034,9.824,398871.71,404110.05,0.9806132542037588,,0.0
2025-12-15,9.864,9.944,10.054,9.834,243823.1,247745.246,0.9806706114398422,,0.0
2025-12-16,9.914,9.874,9.954,9.834,220575.43,222011.066,0.9805362462760676,,0.0
2025-12-17,9.834,9.974,10.074,9.754,339659.99,342883.264,0.9807276302851524,,0.0
2025-12-18,9.994,9.844,9.994,9.824,266214.0,268279.45,0.9804780876494024,,0.0
2025-12-19,9.86,9.97,10.010000000000002,9.85,267791.98,269950.371,0.9881070366699704,,0.0
2025-12-22,9.98,9.99,10.03,9.96,167060.27,169016.545,0.9881305637982196,,0.0
2025-12-23,9.99,9.97,10.06,9.94,219987.55,222448.824,0.9881070366699704,,0.0
2025-12-24,9.93,10.04,10.06,9.92,237968.19,241093.041,0.9881889763779528,,0.0
2025-12-25,10.04,10.11,10.2,10.02,277344.2,283858.448,0.9882697947214076,,0.0
2025-12-26,10.12,10.16,10.32,10.090000000000002,421575.0,434984.823,0.9883268482490272,,0.0
2025-12-29,10.19,10.2,10.37,10.15,371236.1,384631.947,0.988372093023256,,0.0
2025-12-30,10.12,10.2,10.3,10.12,268141.03,276751.943,0.988372093023256,,0.0
2025-12-31,10.2,10.08,10.23,10.08,240412.27,246682.535,0.9882352941176472,,0.0
2026-01-05,10.090000000000002,10.22,10.23,10.06,319998.81,329255.137,0.9883945841392652,,0.0
2026-01-06,10.23,10.53,10.53,10.21,751874.77,792519.142,0.9887323943661972,,0.0
2026-01-07,10.53,10.33,10.54,10.28,489609.66,514896.557,0.9885167464114832,,0.0
2026-01-08,10.260000000000002,10.11,10.260000000000002,10.08,523494.57,537419.033,0.9882697947214076,,0.0
2026-01-09,10.08,10.16,10.2,10.06,399308.21,409319.46,0.9883268482490272,,0.0
2026-01-12,10.13,10.4,10.46,10.090000000000002,660603.49,686814.733,0.9885931558935362,,0.0
2026-01-13,10.44,10.28,10.510000000000002,10.23,522852.84,548929.037,0.9884615384615384,,0.0
2026-01-14,10.28,10.2,10.510000000000002,10.14,726752.26,760673.47,0.988372093023256,,0.0
2026-01-15,10.11,9.97,10.18,9.93,552845.72,561079.171,0.9881070366699704,,0.0
2026-01-16,10.05,9.92,10.06,9.91,310833.39,313127.398,0.9880478087649404,,0.0
2026-01-19,9.91,9.92,9.97,9.87,232821.92,233818.214,0.9880478087649404,,0.0
2026-01-20,9.92,9.91,9.95,9.86,270772.23,271184.928,0.988035892323031,,0.0
2026-01-21,9.88,9.85,9.91,9.840000000000002,251717.47,251385.581,0.9879638916750252,,0.0
2026-01-22,9.87,9.89,9.93,9.86,232289.13,232433.504,0.988011988011988,,0.0
2026-01-23,9.89,9.9,9.93,9.88,278939.38,279434.469,0.9880239520958084,,0.0
2026-01-26,9.89,9.9,10.0,9.840000000000002,407936.31,408946.266,0.9880239520958084,,0.0
2026-01-27,9.87,9.77,9.9,9.68,359552.42,355444.93,0.987866531850354,,0.0
2026-01-28,9.760000000000002,9.86,9.9,9.75,317901.43,316792.754,0.9879759519038076,,0.0
2026-01-29,9.81,9.9,9.94,9.73,387215.1,385420.803,0.9880239520958084,,0.0
2026-01-30,9.89,9.73,9.9,9.71,315838.13,312546.538,0.9878172588832488,,0.0
2026-02-02,9.71,9.6,9.8,9.58,321372.0,315468.496,0.9876543209876544,,0.0
2026-02-03,9.65,9.62,9.67,9.56,204939.77,199356.081,0.9876796714579056,,0.0
2026-02-04,9.590000000000002,9.7,9.72,9.58,230036.8,224712.058,0.9877800407331976,,0.0
2026-02-05,9.68,9.71,9.79,9.65,229151.75,225448.266,0.9877924720244152,,0.0
2026-02-06,9.68,9.74,9.840000000000002,9.65,224591.56,221631.445,0.9878296146044624,,0.0
2026-02-09,9.83,9.8,9.840000000000002,9.760000000000002,162308.43,160833.653,0.9879032258064516,,0.0
2026-02-10,9.8,9.78,9.83,9.760000000000002,135576.38,134407.777,0.987878787878788,,0.0
2026-02-11,9.78,9.760000000000002,9.81,9.75,130041.0,128714.6,0.987854251012146,,0.0
2026-02-12,9.78,9.73,9.79,9.72,137145.14,135189.246,0.9878172588832488,,0.0
2026-02-13,9.75,9.56,9.78,9.56,230439.93,225343.242,0.987603305785124,,0.0
2026-02-24,9.61,9.56,9.65,9.56,169863.89,165068.12,0.987603305785124,,0.0
2026-02-25,9.590000000000002,9.75,9.86,9.590000000000002,363510.91,359598.481,0.987841945288754,,0.0
2026-02-26,9.73,9.68,9.760000000000002,9.66,188543.27,184973.479,0.9877551020408164,,0.0
2026-02-27,9.67,9.79,9.8,9.65,206267.0,203259.911,0.9878910191725532,,0.0
2026-03-02,9.69,9.68,9.760000000000002,9.61,262056.27,256893.161,0.9877551020408164,,0.0
2026-03-03,9.71,9.43,9.75,9.43,369560.92,358745.269,0.987434554973822,,0.0
2026-03-04,9.340000000000002,9.21,9.43,9.21,267265.56,251738.483,0.987138263665595,,0.0
2026-03-05,9.36,9.2,9.36,9.18,188474.08,176473.081,0.9871244635193134,,0.0
2026-03-06,9.16,9.35,9.38,9.14,228669.25,215782.145,0.9873284054910244,,0.0
2026-03-09,9.23,9.2,9.24,9.13,201528.19,187614.103,0.9871244635193134,,0.0
2026-03-10,9.25,9.31,9.32,9.24,157225.67,147759.28,0.9872746553552492,,0.0
2026-03-11,9.3,9.36,9.4,9.27,157370.51,148873.976,0.9873417721518988,,0.0
2026-03-12,9.33,9.35,9.41,9.31,146198.71,138558.554,0.9873284054910244,,0.0
2026-03-13,9.31,9.27,9.38,9.27,157437.15,148555.136,0.9872204472843452,,0.0
2026-03-16,9.27,9.21,9.27,9.18,176466.67,164707.567,0.987138263665595,,0.0
2026-03-17,9.23,9.27,9.46,9.21,337650.5,319733.342,0.9872204472843452,,0.0
2026-03-18,9.29,9.23,9.31,9.17,186540.0,174128.428,0.9871657754010696,,0.0
2026-03-19,9.17,9.11,9.23,9.090000000000002,195477.98,181138.3,0.9869989165763816,,0.0
2026-03-20,9.13,8.950000000000001,9.17,8.950000000000001,209260.05,192220.226,0.9867695700110256,,0.0
2026-03-23,8.860000000000001,8.590000000000002,8.860000000000001,8.540000000000001,311062.06,274790.597,0.9862227324913893,,0.0
2026-03-24,8.700000000000001,8.74,8.760000000000002,8.58,219312.0,192996.387,0.9864559819413092,,0.0
2026-03-25,8.760000000000002,8.930000000000001,8.99,8.74,235437.02,211925.437,0.9867403314917128,,0.0
2026-03-26,8.9,8.760000000000002,8.92,8.72,160640.78,143411.041,0.9864864864864866,,0.0
2026-03-27,8.680000000000001,8.840000000000002,8.9,8.680000000000001,132695.19,118676.539,0.9866071428571428,,0.0
2026-03-30,8.73,8.83,8.850000000000001,8.680000000000001,165546.08,147357.787,0.9865921787709498,,0.0
2026-03-31,8.83,8.770000000000001,8.940000000000001,8.770000000000001,136060.0,122091.463,0.9865016872890888,,0.0
2026-04-01,8.88,8.860000000000001,8.930000000000001,8.82,113678.38,102113.499,0.9866369710467708,,0.0
2026-04-02,8.83,8.700000000000001,8.860000000000001,8.66,140082.08,124020.292,0.9863945578231292,,0.0
2026-04-03,8.72,8.620000000000001,8.760000000000002,8.610000000000001,106448.91,93578.778,0.9862700228832952,,0.0
2026-04-07,8.620000000000001,8.600000000000001,8.66,8.540000000000001,139120.0,121257.061,0.9862385321100918,,0.0
2026-04-08,8.8,8.96,8.96,8.760000000000002,328478.24,294880.648,0.9867841409691632,,0.0
2026-04-09,8.9,8.760000000000002,8.91,8.760000000000002,151214.98,135171.719,0.9864864864864866,,0.0
2026-04-10,8.98,8.950000000000001,9.17,8.9,406007.8,372067.868,0.9867695700110256,,0.0
2026-04-13,8.92,9.06,9.16,8.9,271411.96,249326.315,0.9869281045751634,,0.0
2026-04-14,9.14,9.12,9.16,9.02,180549.81,166011.746,0.9870129870129872,,0.0
2026-04-15,9.16,9.07,9.18,9.06,138342.59,127590.783,0.9869423286180632,,0.0
2026-04-16,9.090000000000002,9.08,9.14,9.06,151389.25,139505.863,0.9869565217391304,,0.0
2026-04-17,9.07,9.08,9.12,9.02,115591.35,106220.307,0.9869565217391304,,0.0
2026-04-20,9.08,9.06,9.1,9.04,144482.18,132719.49,0.9869281045751634,,0.0
2026-04-21,9.03,8.91,9.06,8.870000000000001,198535.35,179647.682,0.9867109634551496,,0.0
2026-04-22,8.89,8.950000000000001,9.010000000000002,8.840000000000002,163420.6,147967.394,0.9867695700110256,,0.0
2026-04-23,8.950000000000001,8.83,8.950000000000001,8.81,156138.6,140264.888,0.9865921787709498,,0.0
2026-04-24,8.81,8.75,8.82,8.700000000000001,124369.6,110274.059,0.9864712514092449,,0.0
2026-04-27,8.760000000000002,8.75,8.83,8.72,128290.34,113935.737,0.9864712514092449,,0.0
2026-04-28,8.700000000000001,8.790000000000001,8.88,8.690000000000001,199876.22,178469.649,0.9865319865319866,,0.0
2026-04-29,8.780000000000001,8.870000000000001,8.89,8.760000000000002,149955.28,134270.567,0.9866518353726365,,0.0
2026-04-30,8.780000000000001,8.770000000000001,8.88,8.690000000000001,316044.35,280700.488,0.9865016872890888,,0.0
2026-05-06,8.680000000000001,8.870000000000001,8.9,8.58,354046.29,315199.566,0.9866518353726365,,0.0
2026-05-07,8.89,8.88,8.96,8.790000000000001,225858.09,202567.681,0.9866666666666668,,0.0
2026-05-08,8.83,8.9,8.92,8.82,158301.44,142478.316,0.9866962305986696,,0.0
2026-05-11,8.930000000000001,9.05,9.12,8.850000000000001,344210.97,314224.055,0.9869138495092694,,0.0
2026-05-12,9.04,9.58,9.97,9.02,1739663.33,1714398.616,0.9876288659793816,,0.0
2026-05-13,9.55,9.71,9.8,9.45,1107778.64,1078830.021,0.9877924720244152,,0.0
2026-05-14,9.68,9.35,9.77,9.340000000000002,665772.4,643977.208,0.9873284054910244,,0.0
2026-05-15,9.35,9.06,9.43,9.0,648109.49,602585.161,0.9869281045751634,,0.0
2026-05-18,9.03,9.2,9.25,8.99,438183.99,405073.148,0.9871244635193134,,0.0
2026-05-19,9.15,9.11,9.18,8.930000000000001,451400.96,413729.746,0.9869989165763816,,0.0
2026-05-20,9.02,9.010000000000002,9.11,8.96,294339.55,269005.449,0.9868565169769988,,0.0
2026-05-21,9.04,8.840000000000002,9.260000000000002,8.840000000000002,635704.5,586496.149,0.9866071428571428,,0.0
2026-05-22,8.88,8.66,8.940000000000001,8.65,456015.16,402687.62,0.9863325740318908,,0.0
2026-05-25,8.67,8.760000000000002,8.770000000000001,8.600000000000001,272074.76,239417.51,0.9864864864864866,,0.0
2026-05-26,8.72,8.700000000000001,8.850000000000001,8.590000000000002,356924.0,315600.265,0.9863945578231292,,0.0
2026-05-27,8.63,8.450000000000001,8.790000000000001,8.42,369175.05,320360.67,0.985997666277713,,0.0
2026-05-28,8.41,8.280000000000001,8.48,8.200000000000001,272252.6,229188.254,0.9857142857142858,,0.0
2026-05-29,8.290000000000001,8.38,8.42,8.260000000000002,271519.7,229473.3353,0.9858823529411764,,0.0
2026-06-01,8.280000000000001,8.3,8.340000000000002,8.15,250032.06,209163.79515,0.985748218527316,,0.0
2026-06-02,8.25,8.21,8.3,8.16,216387.85,180368.46831,0.985594237695078,,0.0
2026-06-03,8.200000000000001,8.120000000000001,8.25,8.100000000000001,209726.85,173948.882,0.9854368932038836,,0.0
2026-06-04,8.08,7.979999999999999,8.17,7.909999999999999,221483.84,180114.255,0.9851851851851852,,0.0
2026-06-05,8.010000000000002,7.95,8.030000000000001,7.930000000000001,173828.96,140736.175,0.9851301115241636,,0.0
2026-06-08,7.87,7.74,7.919999999999999,7.729999999999999,242382.0,192583.48759,0.9847328244274808,,0.0
2026-06-09,7.75,7.79,7.82,7.71,159387.73,125867.69553,0.9848293299620732,,0.0
2026-06-10,7.729999999999999,7.89,7.89,7.729999999999999,252495.08,200421.2899,0.9850187265917604,,0.0
2026-06-11,7.84,7.72,7.919999999999999,7.71,198489.1,156679.8973,0.9846938775510204,,0.0
2026-06-12,7.76,8.08,8.200000000000001,7.72,456660.91,370396.52261,0.9853658536585368,,0.0
2026-06-15,8.090000000000002,8.3,8.47,8.090000000000002,449260.22,378781.81633,0.985748218527316,,0.0
2026-06-16,8.260000000000002,8.33,8.38,8.200000000000001,274836.32,231740.2254,0.9857988165680476,,0.0
2026-06-17,8.290000000000001,8.290000000000001,8.41,8.22,219054.99,184735.47517,0.9857312722948872,,0.0
2026-06-18,8.3,8.100000000000001,8.340000000000002,8.07,237456.52,196998.85538,0.9854014598540148,,0.0
2026-06-22,8.08,8.56,8.57,8.030000000000001,554412.53,470086.09473,0.9861751152073732,,0.0
2026-06-24,8.5,8.4,8.67,8.340000000000002,380800.38,326812.86728,0.9859154929577466,,0.0
2026-06-25,8.39,8.58,8.690000000000001,8.25,515772.69,445196.7528,0.9862068965517242,,0.0
2026-06-26,8.520000000000001,8.16,8.600000000000001,8.15,408533.41,345183.32428,0.9855072463768116,,0.0
2026-06-29,8.16,8.270000000000001,8.32,8.100000000000001,271738.55,226454.48132,0.9856972586412396,,0.0
2026-06-30,8.21,8.22,8.33,8.15,215092.84,179140.65164,0.985611510791367,,0.0
2026-07-01,8.21,8.49,8.57,8.17,487401.58,417204.12359,0.986062717770035,,0.0
2026-07-03,8.33,8.360000000000001,8.38,8.23,306735.92,258368.40377,0.9858490566037736,,0.0
2026-07-06,8.370000000000001,8.32,8.430000000000001,8.290000000000001,246089.04,208150.6862,0.9857819905213272,,0.0
2026-07-07,8.31,8.06,8.32,8.030000000000001,249343.78,205603.86627,0.9853300733496332,,0.0
2026-07-08,8.06,8.030000000000001,8.15,7.999999999999999,145859.0,119149.783,0.985276073619632,,0.0
2026-07-09,8.010000000000002,8.040000000000001,8.07,7.88,200046.79,162215.08168,0.9852941176470588,,0.0
2026-07-10,8.010000000000002,7.999999999999999,8.07,7.909999999999999,186623.91,151314.4171,0.9852216748768472,,0.0
2026-07-14,7.95,7.979999999999999,8.010000000000002,7.87,165149.99,133187.38199,0.9851851851851852,,0.0
2026-07-15,7.979999999999999,8.17,8.21,7.96,268871.2,221146.57176,0.9855247285886612,,0.0
2026-07-16,8.100000000000001,8.14,8.24,8.06,193499.2,159569.675,0.9854721549636803,,0.0
2026-07-17,8.13,8.06,8.24,7.999999999999999,284294.42,234686.98285,0.9853300733496332,,0.0
2026-07-20,8.07,8.15,8.200000000000001,8.010000000000002,284969.3,235026.4307,0.9854897218863362,,0.0
2026-07-21,8.19,8.34,8.55,8.17,495684.27,414921.55164,1.0,,0.0
2026-07-22,8.17,8.22,8.26,8.06,339106.04,276092.27393,1.0,,0.0
2026-07-23,8.17,8.29,8.32,8.17,228895.78,188867.11928,1.0,,0.0
2026-07-24,8.25,8.12,8.28,8.1,180191.39,147519.80573,1.0,,0.0
2026-07-27,8.1,8.2,8.22,8.08,162920.05,133069.919,1.0,,0.0
2026-07-28,8.17,8.12,8.17,8.1,153647.34,124781.60008,1.0,,0.0
2026-07-29,8.12,8.26,8.29,8.11,243921.54,200587.57975,1.0,,0.0
2026-07-30,8.21,8.31,8.35,8.2,248011.39,205496.38674,1.0,,0.0
2026-07-31,8.32,8.32,8.37,8.26,254740.9,211863.1741,1.0,,0.0
2026-08-03,8.24,8.35,8.36,8.22,203569.07,169471.00322,1.0,,0.0
2026-08-04,8.37,8.31,8.42,8.29,267279.29,222750.7317,1.0,,0.0
2026-08-05,8.31,8.31,8.35,8.26,212331.59,176469.4937,1.0,,0.0
2026-08-06,8.3,8.2,8.3,8.17,227674.83,187118.0016,1.0,,0.0
2026-08-07,8.19,8.13,8.2,8.1,220257.49,179076.76824,1.0,,0.0
2026-08-10,8.17,8.33,8.57,8.12,602888.59,502449.29416,1.0,,0.0
2026-08-11,8.32,8.24,8.37,8.21,344284.0,284439.42755,1.0,,0.0
2026-08-12,8.2,8.28,8.3,8.19,210291.9,173456.6904,1.0,0.5837,0.0
2026-08-13,8.29,8.29,8.38,8.28,341147.35,284043.87963,1.0,0.95,0.0
2026-08-14,8.29,8.21,8.32,8.19,225180.92,185449.75155,1.0,0.63,0.0
2026-08-17,8.19,8.23,8.24,8.16,182411.94,149557.6945,1.0,0.0,0.0
2026-08-18,8.22,8.12,8.22,8.1,239242.28,194524.90169,1.0,0.0,0.0
2026-08-19,8.1,7.94,8.15,7.92,283100.29,226433.33257,1.0,0.0,0.0
2026-08-20,7.97,7.94,7.99,7.91,174644.88,138702.74172,1.0,0.4329,0.4848
2026-08-21,7.92,7.93,7.95,7.86,121702.01,96273.90904,1.0,0.3017,0.3378
2026-08-24,7.92,7.95,8.0,7.9,142750.58,113415.35052,1.0,0.3538,0.3962
2026-08-25,7.93,7.99,7.99,7.93,137619.26,109670.8819,1.0,0.3411,0.382
2026-08-26,7.98,8.16,8.17,7.97,322453.1,261737.49921,1.0,0.7993,0.895
2026-08-27,8.09,8.16,8.19,8.07,289079.78,235157.12848,1.0,0.7165,0.8024
2026-08-28,8.18,8.13,8.2,8.11,164182.1,133677.7334,1.0,0.407,0.4557
2026-08-31,8.1,8.13,8.16,8.03,226933.24,183592.51074,1.0,0.5625,0.6299
2026-09-01,8.12,8.2,8.2,8.09,268818.4,219521.56068,1.0,0.6663,0.7462
2026-09-02,8.15,8.06,8.16,8.03,208771.03,168425.46735,1.0,0.5175,0.5795
2026-09-03,8.06,8.08,8.16,8.06,193374.56,156838.32022,1.0,0.4793,0.5368
2026-09-04,8.12,8.13,8.22,8.09,289722.64,236595.49264,1.0,0.7181,0.8042
2026-09-07,8.13,8.07,8.16,8.06,196398.49,158913.95101,1.0,0.4868,0.5451
2026-09-08,8.09,8.09,8.13,8.05,126552.49,102428.52539,1.0,0.3137,0.3513
2026-09-09,8.07,8.06,8.09,8.04,121737.0,98096.156,1.0,0.3017,0.3379
2026-09-10,8.05,8.11,8.13,7.97,213002.58,171894.42226,1.0,0.528,0.5912
2026-09-11,8.08,7.88,8.08,7.86,291708.79,230794.49852,1.0,0.723,0.8097
2026-09-14,7.85,7.88,7.88,7.83,102111.33,80214.97997,1.0,0.2531,0.2834
2026-09-15,7.85,7.82,7.88,7.82,101457.84,79547.53412,1.0,0.2515,0.2816
2026-09-16,7.82,7.86,7.88,7.76,121783.52,95321.1912,1.0,0.3019,0.338
2026-09-17,7.83,7.79,7.86,7.79,90203.06,70451.96899,1.0,0.2236,0.2504
2026-09-18,7.81,7.85,7.88,7.81,120994.56,94900.3582,1.0,0.2999,0.3358
2026-09-21,7.85,7.9,7.91,7.83,188323.43,148227.34399,1.0,0.4668,0.5227
2026-09-22,7.92,7.91,7.95,7.89,165317.34,130896.15408,1.0,0.4098,0.4589
2026-09-23,7.91,7.87,7.91,7.86,93818.07,73904.09229,1.0,0.2325,0.2604
2026-09-24,7.86,7.76,7.86,7.76,143773.5,112043.6135,1.0,0.3564,0.3991
2026-09-28,7.73,7.67,7.76,7.63,134048.75,102878.31575,1.0,0.3323,0.3721
2026-09-29,7.68,7.69,7.72,7.65,81290.49,62587.85233,1.0,0.2015,0.2256
2026-09-30,7.71,7.72,7.75,7.68,81097.71,62588.25368,1.0,0.201,0.2251
2026-10-08,7.63,7.55,7.68,7.51,185055.96,140408.78088,1.0,0.4587,0.5137
2026-10-09,7.54,7.65,7.67,7.52,187956.07,142771.82726,1.0,0.4659,0.5217
